ets Jul 29 2019 12:21:46

rst:0x1 (POWERON_RESET),boot:0x13 (SPI_FAST_FLASH_BOOT)
configsip: 0, SPIWP:0xee
clk_drv:0x00,q_drv:0x00,d_drv:0x00,cs0_drv:0x00,hd_drv:0x00,wp_drv:0x00
mode:DIO, clock div:1
load:0x3fff0030,len:4888
load:0x40078000,len:16516
load:0x40080400,len:4
load:0x40080404,len:3476
entry 0x400805b4
Prêt ! Frappe et vibration capturées...
Commencer
-0.55
-0.55
-0.55
-0.55
-0.47
-0.47
-0.47
-0.47
-0.47
-0.47
-0.47
-0.47
-0.47
-0.51
-0.51
-0.51
-0.51
-0.51
-0.47
-0.47
-0.47
-0.47
-0.43
-0.43
-0.43
-0.43
-0.43
-0.51
-0.51
-0.51
-0.51
-0.51
-0.47
-0.47
-0.47
-0.47
-0.43
-0.43
-0.43
-0.43
-0.43
-0.43
-0.43
-0.43
-0.43
-0.43
-0.51
-0.51
-0.51
-0.51
-0.51
-0.51
-0.51
-0.51
-0.51
-0.55
-0.55
-0.55
-0.55
-0.55
-0.51
-0.51
-0.51
-0.51
-0.47
-0.47
-0.47
-0.47
-0.47
-0.51
-0.51
-0.51
-0.51
-0.51
-0.51
-0.51
-0.51
-0.51
-0.47
-0.47
-0.47
-0.47
-0.47
-0.39
-0.39
-0.39
-0.39
-0.39
-0.47
-0.47
-0.47
-0.47
-0.51
-0.51
-0.51
-0.51
-0.51
-0.51
-0.51
-0.51
-0.51
-0.51
-0.55
-0.55
-0.55
-0.55
-0.51
-0.51
-0.51
-0.51
-0.51
-0.51
-0.51
-0.51
-0.51
-0.51
-0.43
-0.43
-0.43
-0.43
-0.43
-0.47
-0.47
-0.47
-0.47
-0.47
-0.47
-0.47
-0.47
-0.47
-0.47
-0.47
-0.47
-0.47
-0.47
-0.51
-0.51
-0.51
-0.51
-0.51
-0.51
-0.51
-0.51
-0.51
-0.51
-0.51
-0.51
-0.51
-0.51
-0.51
-0.51
-0.51
-0.51
-0.55
-0.55
-0.55
-0.55
-0.55
-0.59
-0.59
-0.59
-0.59
-0.59
-0.47
-0.47
-0.47
-0.47
-0.55
-0.55
-0.55
-0.55
-0.55
-0.55
-0.55
-0.55
-0.55
-0.55
-0.51
-0.51
-0.51
-0.51
-0.55
-0.55
-0.55
-0.55
-0.55
-0.55
-0.55
-0.55
-0.55
-0.55
-0.51
-0.51
-0.51
-0.51
-0.39
-0.39
-0.39
-0.39
-0.39
-0.47
-0.47
-0.47
-0.47
-0.47
-0.51
-0.51
-0.51
-0.51
-0.51
-0.51
-0.51
-0.51
-0.51
-0.55
-0.55
-0.55
-0.55
-0.55
-0.51
-0.51
-0.51
-0.51
-0.39
-0.39
-0.39
-0.39
-0.39
-0.55
-0.55
-0.55
-0.55
-0.55
-0.47
-0.47
-0.47
-0.47
-0.51
-0.51
-0.51
-0.51
-0.51
-0.47
-0.47
-0.47
-0.47
-0.47
-0.47
-0.47
-0.47
-0.47
-0.51
-0.51
-0.51
-0.51
-0.51
-0.47
-0.47
-0.47
-0.47
-0.47
-0.43
-0.43
-0.43
-0.43
-0.43
-0.47
-0.47
-0.47
-0.47
-0.51
-0.51
-0.51
-0.51
-0.51
-0.43
-0.43
-0.43
-0.43
-0.43
-0.43
-0.43
-0.43
-0.43
-0.47
-0.47
-0.47
-0.47
-0.47
-0.43
-0.43
-0.43
-0.43
-0.43
-0.55
-0.55
-0.55
-0.55
-0.47
-0.47
-0.47
-0.47
-0.47
-0.47
-0.47
-0.47
-0.47
-0.47
-0.47
-0.47
-0.47
-0.47
-0.43
-0.43
-0.43
-0.43
-0.43
-0.51
-0.51
-0.51
-0.51
-0.51
-0.43
-0.43
-0.43
-0.43
-0.51
-0.51
-0.51
-0.51
-0.51
-0.47
-0.47
-0.47
-0.47
-0.47
-0.51
-0.51
-0.51
-0.51
-0.47
-0.47
-0.47
-0.47
-0.47
-0.47
-0.47
-0.47
-0.47
-0.47
-0.51
-0.51
-0.51
-0.51
-0.43
-0.43
-0.43
-0.43
-0.43
-0.47
-0.47
-0.47
-0.47
-0.47
-0.51
-0.51
-0.51
-0.51
-62.96
-62.96
-62.96
-62.96
-62.96
-3.37
-3.37
-3.37
-3.37
-3.37
-0.47
-0.47
-0.47
-0.47
0.90
0.90
0.90
0.90
0.90
0.39
0.39
0.39
0.39
0.39
-0.75
-0.75
-0.75
-0.75
-0.75
-0.75
-0.75
-0.75
-0.75
-0.27
-0.27
-0.27
-0.27
-0.27
-0.31
-0.31
-0.31
-0.31
-0.31
-0.47
-0.47
-0.47
-0.47
-0.55
-0.55
-0.55
-0.55
-0.55
-0.35
-0.35
-0.35
-0.35
-0.35
-0.39
-0.39
-0.39
-0.39
-0.43
-0.43
-0.43
-0.43
-0.43
-0.43
-0.43
-0.43
-0.43
-0.43
-0.39
-0.39
-0.39
-0.39
-0.39
-0.39
-0.39
-0.39
-0.39
-0.47
-0.47
-0.47
-0.47
-0.47
-0.43
-0.43
-0.43
-0.43
-0.43
-0.43
-0.43
-0.43
-0.43
-0.47
-0.47
-0.47
-0.47
-0.47
-0.43
-0.43
-0.43
-0.43
-0.43
-0.43
-0.43
-0.43
-0.43
-0.43
-0.43
-0.43
-0.43
-0.43
-0.35
-0.35
-0.35
-0.35
-0.43
-0.43
-0.43
-0.43
-0.43
-0.39
-0.39
-0.39
-0.39
-0.39
-0.39
-0.39
-0.39
-0.39
-0.39
-0.47
-0.47
-0.47
-0.47
-0.43
-0.43
-0.43
-0.43
-0.43
-0.47
-0.47
-0.47
-0.47
-0.47
-0.43
-0.43
-0.43
-0.43
-0.35
-0.35
-0.35
-0.35
-0.35
-0.39
-0.39
-0.39
-0.39
-0.39
-0.47
-0.47
-0.47
-0.47
-0.39
-0.39
-0.39
-0.39
-0.39
-0.35
-0.35
-0.35
-0.35
-0.35
-0.47
-0.47
-0.47
-0.47
-0.47
-0.47
-0.47
-0.47
-0.47
-0.43
-0.43
-0.43
-0.43
-0.43
-0.43
-0.43
-0.43
-0.43
-0.39
-0.39
-0.39
-0.39
-0.39
-0.39
-0.39
-0.39
-0.39
-0.39
-0.43
-0.43
-0.43
-0.43
10.87
10.87
10.87
10.87
10.87
-1.80
-1.80
-1.80
-1.80
-1.80
-0.75
-0.75
-0.75
-0.75
2.00
2.00
2.00
2.00
2.00
0.94
0.94
0.94
0.94
0.94
-0.43
-0.43
-0.43
-0.43
-0.43
-1.22
-1.22
-1.22
-1.22
-0.47
-0.47
-0.47
-0.47
-0.47
0.00
0.00
0.00
0.00
0.00
-0.35
-0.35
-0.35
-0.35
-0.59
-0.59
-0.59
-0.59
-0.59
-0.39
-0.39
-0.39
-0.39
-0.39
-0.27
-0.27
-0.27
-0.27
-0.43
-0.43
-0.43
-0.43
-0.43
-0.43
-0.43
-0.43
-0.43
-0.43
-0.35
-0.35
-0.35
-0.35
-0.39
-0.39
-0.39
-0.39
-0.39
-0.35
-0.35
-0.35
-0.35
-0.35
-0.43
-0.43
-0.43
-0.43
-0.35
-0.35
-0.35
-0.35
-0.35
-0.39
-0.39
-0.39
-0.39
-0.39
-0.39
-0.39
-0.39
-0.39
-0.43
-0.43
-0.43
-0.43
-0.43
-0.39
-0.39
-0.39
-0.39
-0.39
-0.39
-0.39
-0.39
-0.39
-0.35
-0.35
-0.35
-0.35
-0.35
-0.35
-0.35
-0.35
-0.35
-0.35
-0.31
-0.31
-0.31
-0.31
-0.31
-0.39
-0.39
-0.39
-0.39
-0.35
-0.35
-0.35
-0.35
-0.35
-0.31
-0.31
-0.31
-0.31
-0.31
-0.35
-0.35
-0.35
-0.35
-0.39
-0.39
-0.39
-0.39
-0.39
-0.35
-0.35
-0.35
-0.35
-0.35
-0.39
-0.39
-0.39
-0.39
-0.31
-0.31
-0.31
-0.31
-0.31
-0.31
-0.31
-0.31
-0.31
-0.31
-0.35
-0.35
-0.35
-0.35
-0.31
-0.31
-0.31
-0.31
-0.31
-0.35
-0.35
-0.35
-0.35
-0.35
-0.31
-0.31
-0.31
-0.31
-0.35
-0.35
-0.35
-0.35
-0.35
-0.39
-0.39
-0.39
-0.39
-0.39
-0.39
-0.39
-0.39
-0.39
11.38
11.38
11.38
11.38
11.38
2.00
2.00
2.00
2.00
2.00
-1.92
-1.92
-1.92
-1.92
-0.43
-0.43
-0.43
-0.43
-0.43
-0.04
-0.04
-0.04
-0.04
-0.04
-0.35
-0.35
-0.35
-0.35
-0.35
-0.12
-0.12
-0.12
-0.12
-0.31
-0.31
-0.31
-0.31
-0.31
-0.59
-0.59
-0.59
-0.59
-0.59
-0.39
-0.39
-0.39
-0.39
-0.24
-0.24
-0.24
-0.24
-0.24
-0.31
-0.31
-0.31
-0.31
-0.31
-0.35
-0.35
-0.35
-0.35
-0.39
-0.39
-0.39
-0.39
-0.39
-0.27
-0.27
-0.27
-0.27
-0.27
-0.31
-0.31
-0.31
-0.31
-0.31
-0.31
-0.31
-0.31
-0.31
-0.39
-0.39
-0.39
-0.39
-0.39
-0.35
-0.35
-0.35
-0.35
-0.43
-0.43
-0.43
-0.43
-0.43
-0.35
-0.35
-0.35
-0.35
-0.35
-0.35
-0.35
-0.35
-0.35
-0.31
-0.31
-0.31
-0.31
-0.31
-0.31
-0.31
-0.31
-0.31
-0.31
-0.31
-0.31
-0.31
-0.31
-0.27
-0.27
-0.27
-0.27
-0.27
-0.31
-0.31
-0.31
-0.31
-0.31
-0.31
-0.31
-0.31
-0.31
-0.43
-0.43
-0.43
-0.43
-0.43
-0.35
-0.35
-0.35
-0.35
-0.35
-0.35
-0.35
-0.35
-0.35
-0.35
-0.35
-0.35
-0.35
-0.35
-0.27
-0.27
-0.27
-0.27
-0.27
-0.35
-0.35
-0.35
-0.35
-0.35
-0.43
-0.43
-0.43
-0.43
-0.39
-0.39
-0.39
-0.39
-0.39
-0.35
-0.35
-0.35
-0.35
-0.35
-0.27
-0.27
-0.27
-0.27
-0.39
-0.39
-0.39
-0.39
-0.39
-0.39
-0.39
-0.39
-0.39
-0.39
-0.35
-0.35
-0.35
-0.35
-0.35
-0.35
-0.35
-0.35
-0.35
-0.39
-0.39
-0.39
-0.39
-0.39
-0.39
-0.39
-0.39
-0.39
-0.67
-0.67
-0.67
-0.67
-0.67
11.30
11.30
11.30
11.30
11.30
3.88
3.88
3.88
3.88
-0.71
-0.71
-0.71
-0.71
-0.71
0.39
0.39
0.39
0.39
0.39
0.24
0.24
0.24
0.24
0.24
-0.59
-0.59
-0.59
-0.59
-0.12
-0.12
-0.12
-0.12
-0.12
-0.16
-0.16
-0.16
-0.16
-0.16
-0.35
-0.35
-0.35
-0.35
-0.35
-0.35
-0.35
-0.35
-0.35
-0.31
-0.31
-0.31
-0.31
-0.31
-0.27
-0.27
-0.27
-0.27
-0.24
-0.24
-0.24
-0.24
-0.24
-0.39
-0.39
-0.39
-0.39
-0.39
-0.35
-0.35
-0.35
-0.35
-0.27
-0.27
-0.27
-0.27
-0.27
-0.35
-0.35
-0.35
-0.35
-0.35
-0.39
-0.39
-0.39
-0.39
-0.31
-0.31
-0.31
-0.31
-0.31
-0.39
-0.39
-0.39
-0.39
-0.39
-0.31
-0.31
-0.31
-0.31
-0.35
-0.35
-0.35
-0.35
-0.35
-0.31
-0.31
-0.31
-0.31
-0.31
-0.31
-0.31
-0.31
-0.31
-0.31
-0.31
-0.31
-0.31
-0.31
-0.39
-0.39
-0.39
-0.39
-0.39
-0.27
-0.27
-0.27
-0.27
-0.27
-0.27
-0.27
-0.27
-0.27
-0.27
-0.27
-0.27
-0.27
-0.27
-0.31
-0.31
-0.31
-0.31
-0.31
-0.31
-0.31
-0.31
-0.31
-0.35
-0.35
-0.35
-0.35
-0.35
-0.31
-0.31
-0.31
-0.31
-0.31
-0.31
-0.31
-0.31
-0.31
-0.35
-0.35
-0.35
-0.35
-0.35
-0.35
-0.35
-0.35
-0.35
-0.35
-0.31
-0.31
-0.31
-0.31
-0.27
-0.27
-0.27
-0.27
-0.27
-0.31
-0.31
-0.31
-0.31
-0.31
-0.31
-0.31
-0.31
-0.31
-0.31
-0.31
-0.31
-0.31
-0.31
-0.27
-0.27
-0.27
-0.27
-0.27
-0.31
-0.31
-0.31
-0.31
6.43
6.43
6.43
6.43
6.43
2.20
2.20
2.20
2.20
2.20
-4.20
-4.20
-4.20
-4.20
-3.02
-3.02
-3.02
-3.02
-3.02
1.88
1.88
1.88
1.88
1.88
1.06
1.06
1.06
1.06
1.06
-0.47
-0.47
-0.47
-0.47
-0.78
-0.78
-0.78
-0.78
-0.78
-0.51
-0.51
-0.51
-0.51
-0.51
-0.12
-0.12
-0.12
-0.12
-0.20
-0.20
-0.20
-0.20
-0.20
-0.47
-0.47
-0.47
-0.47
-0.47
-0.39
-0.39
-0.39
-0.39
-0.24
-0.24
-0.24
-0.24
-0.24
-0.31
-0.31
-0.31
-0.31
-0.31
-0.35
-0.35
-0.35
-0.35
-0.35
-0.35
-0.35
-0.35
-0.35
-0.24
-0.24
-0.24
-0.24
-0.24
-0.35
-0.35
-0.35
-0.35
-0.27
-0.27
-0.27
-0.27
-0.27
-0.39
-0.39
-0.39
-0.39
-0.39
-0.31
-0.31
-0.31
-0.31
-0.35
-0.35
-0.35
-0.35
-0.35
-0.27
-0.27
-0.27
-0.27
-0.27
-0.24
-0.24
-0.24
-0.24
-0.27
-0.27
-0.27
-0.27
-0.27
-0.27
-0.27
-0.27
-0.27
-0.27
-0.27
-0.27
-0.27
-0.27
-0.35
-0.35
-0.35
-0.35
-0.35
-0.31
-0.31
-0.31
-0.31
-0.31
-0.31
-0.31
-0.31
-0.31
-0.31
-0.31
-0.31
-0.31
-0.31
-0.31
-0.31
-0.31
-0.31
-0.31
-0.35
-0.35
-0.35
-0.35
-0.24
-0.24
-0.24
-0.24
-0.24
-0.31
-0.31
-0.31
-0.31
-0.31
-0.31
-0.31
-0.31
-0.31
-0.31
-0.31
-0.31
-0.31
-0.31
-0.35
-0.35
-0.35
-0.35
-0.35
-0.27
-0.27
-0.27
-0.27
-0.27
-0.27
-0.27
-0.27
-0.27
-0.31
-0.31
-0.31
-0.31
-0.31
-0.27
-0.27
-0.27
-0.27
-0.27
-0.20
-0.20
-0.20
-0.20
-2.55
-2.55
-2.55
-2.55
-2.55
-5.30
-5.30
-5.30
-5.30
-5.30
-1.69
-1.69
-1.69
-1.69
2.35
2.35
2.35
2.35
2.35
1.06
1.06
1.06
1.06
1.06
-0.82
-0.82
-0.82
-0.82
-0.78
-0.78
-0.78
-0.78
-0.78
-0.31
-0.31
-0.31
-0.31
-0.31
-0.08
-0.08
-0.08
-0.08
-0.24
-0.24
-0.24
-0.24
-0.24
-0.51
-0.51
-0.51
-0.51
-0.51
-0.31
-0.31
-0.31
-0.31
-0.31
-0.20
-0.20
-0.20
-0.20
-0.31
-0.31
-0.31
-0.31
-0.31
-0.35
-0.35
-0.35
-0.35
-0.35
-0.35
-0.35
-0.35
-0.35
-0.35
-0.35
-0.35
-0.35
-0.35
-0.39
-0.39
-0.39
-0.39
-0.39
-0.31
-0.31
-0.31
-0.31
-0.31
-0.31
-0.31
-0.31
-0.31
-0.35
-0.35
-0.35
-0.35
-0.35
-0.31
-0.31
-0.31
-0.31
-0.27
-0.27
-0.27
-0.27
-0.27
-0.39
-0.39
-0.39
-0.39
-0.39
-0.35
-0.35
-0.35
-0.35
-0.39
-0.39
-0.39
-0.39
-0.39
-0.31
-0.31
-0.31
-0.31
-0.31
-0.27
-0.27
-0.27
-0.27
-0.31
-0.31
-0.31
-0.31
-0.31
-0.39
-0.39
-0.39
-0.39
-0.39
-0.27
-0.27
-0.27
-0.27
-0.27
-0.27
-0.27
-0.27
-0.27
-0.31
-0.31
-0.31
-0.31
-0.31
-0.35
-0.35
-0.35
-0.35
-0.35
-0.35
-0.35
-0.35
-0.35
-0.31
-0.31
-0.31
-0.31
-0.31
-0.31
-0.31
-0.31
-0.31
-0.27
-0.27
-0.27
-0.27
-0.27
-0.27
-0.27
-0.27
-0.27
-0.27
-0.31
-0.31
-0.31
-0.31
-0.35
-0.35
-0.35
-0.35
-0.35
-0.31
-0.31
-0.31
-0.31
-0.31
-6.12
-6.12
-6.12
-6.12
-6.12
8.32
8.32
8.32
8.32
-4.90
-4.90
-4.90
-4.90
-4.90
-0.75
-0.75
-0.75
-0.75
-0.75
1.37
1.37
1.37
1.37
-0.24
-0.24
-0.24
-0.24
-0.24
-0.35
-0.35
-0.35
-0.35
-0.35
-0.43
-0.43
-0.43
-0.43
-0.39
-0.39
-0.39
-0.39
-0.39
-0.20
-0.20
-0.20
-0.20
-0.20
-0.27
-0.27
-0.27
-0.27
-0.39
-0.39
-0.39
-0.39
-0.39
-0.31
-0.31
-0.31
-0.31
-0.31
-0.27
-0.27
-0.27
-0.27
-0.39
-0.39
-0.39
-0.39
-0.39
-0.35
-0.35
-0.35
-0.35
-0.35
-0.27
-0.27
-0.27
-0.27
-0.27
-0.27
-0.27
-0.27
-0.27
-0.31
-0.31
-0.31
-0.31
-0.31
-0.27
-0.27
-0.27
-0.27
-0.35
-0.35
-0.35
-0.35
-0.35
-0.35
-0.35
-0.35
-0.35
-0.35
-0.24
-0.24
-0.24
-0.24
-0.24
-0.24
-0.24
-0.24
-0.24
-0.31
-0.31
-0.31
-0.31
-0.31
-0.31
-0.31
-0.31
-0.31
-0.31
-0.27
-0.27
-0.27
-0.27
-0.35
-0.35
-0.35
-0.35
-0.35
-0.27
-0.27
-0.27
-0.27
-0.27
-0.27
-0.27
-0.27
-0.27
-0.27
-0.27
-0.27
-0.27
-0.27
-0.20
-0.20
-0.20
-0.20
-0.20
-0.27
-0.27
-0.27
-0.27
-0.27
-0.27
-0.27
-0.27
-0.27
-0.31
-0.31
-0.31
-0.31
-0.31
-0.31
-0.31
-0.31
-0.31
-0.27
-0.27
-0.27
-0.27
-0.27
-0.35
-0.35
-0.35
-0.35
-0.35
-0.24
-0.24
-0.24
-0.24
-0.31
-0.31
-0.31
-0.31
-0.31
-0.31
-0.31
-0.31
-0.31
-0.31
-0.31
-0.31
-0.31
-0.31
-0.31
-0.31
-0.31
-0.31
-0.31
-22.63
-22.63
-22.63
-22.63
-22.63
-0.12
-0.12
-0.12
-0.12
3.30
3.30
3.30
3.30
3.30
-0.86
-0.86
-0.86
-0.86
-0.86
-0.39
-0.39
-0.39
-0.39
0.47
0.47
0.47
0.47
0.47
-0.47
-0.47
-0.47
-0.47
-0.47
-0.43
-0.43
-0.43
-0.43
-0.43
-0.35
-0.35
-0.35
-0.35
-0.43
-0.43
-0.43
-0.43
-0.43
-0.20
-0.20
-0.20
-0.20
-0.20
-0.31
-0.31
-0.31
-0.31
-0.43
-0.43
-0.43
-0.43
-0.43
-0.31
-0.31
-0.31
-0.31
-0.31
-0.24
-0.24
-0.24
-0.24
-0.31
-0.31
-0.31
-0.31
-0.31
-0.31
-0.31
-0.31
-0.31
-0.31
-0.27
-0.27
-0.27
-0.27
-0.31
-0.31
-0.31
-0.31
-0.31
-0.35
-0.35
-0.35
-0.35
-0.35
-0.39
-0.39
-0.39
-0.39
-0.31
-0.31
-0.31
-0.31
-0.31
-0.24
-0.24
-0.24
-0.24
-0.24
-0.27
-0.27
-0.27
-0.27
-0.27
-0.27
-0.27
-0.27
-0.27
-0.35
-0.35
-0.35
-0.35
-0.35
-0.27
-0.27
-0.27
-0.27
-0.31
-0.31
-0.31
-0.31
-0.31
-0.24
-0.24
-0.24
-0.24
-0.24
-0.31
-0.31
-0.31
-0.31
-0.31
-0.31
-0.31
-0.31
-0.31
-0.31
-0.31
-0.31
-0.31
-0.31
-0.31
-0.31
-0.31
-0.31
-0.27
-0.27
-0.27
-0.27
-0.27
-0.31
-0.31
-0.31
-0.31
-0.31
-0.31
-0.31
-0.31
-0.31
-0.31
-0.27
-0.27
-0.27
-0.27
-0.31
-0.31
-0.31
-0.31
-0.31
-0.35
-0.35
-0.35
-0.35
-0.35
-0.31
-0.31
-0.31
-0.31
-0.31
-0.31
-0.31
-0.31
-0.31
-0.27
-0.27
-0.27
-0.27
-0.27
40.40
40.40
40.40
40.40
10.90
10.90
10.90
10.90
10.90
-3.30
-3.30
-3.30
-3.30
-3.30
-2.12
-2.12
-2.12
-2.12
1.29
1.29
1.29
1.29
1.29
0.12
0.12
0.12
0.12
0.12
-0.59
-0.59
-0.59
-0.59
-0.24
-0.24
-0.24
-0.24
-0.24
-0.31
-0.31
-0.31
-0.31
-0.31
-0.31
-0.31
-0.31
-0.31
-0.31
-0.27
-0.27
-0.27
-0.27
-0.35
-0.35
-0.35
-0.35
-0.35
-0.31
-0.31
-0.31
-0.31
-0.31
-0.24
-0.24
-0.24
-0.24
-0.31
-0.31
-0.31
-0.31
-0.31
-0.31
-0.31
-0.31
-0.31
-0.31
-0.27
-0.27
-0.27
-0.27
-0.27
-0.27
-0.27
-0.27
-0.27
-0.31
-0.31
-0.31
-0.31
-0.31
-0.31
-0.31
-0.31
-0.31
-0.24
-0.24
-0.24
-0.24
-0.24
-0.27
-0.27
-0.27
-0.27
-0.27
-0.31
-0.31
-0.31
-0.31
-0.31
-0.31
-0.31
-0.31
-0.31
-0.35
-0.35
-0.35
-0.35
-0.35
-0.31
-0.31
-0.31
-0.31
-0.35
-0.35
-0.35
-0.35
-0.35
-0.35
-0.35
-0.35
-0.35
-0.35
-0.35
-0.35
-0.35
-0.35
-0.39
-0.39
-0.39
-0.39
-0.39
-0.27
-0.27
-0.27
-0.27
-0.27
-0.27
-0.27
-0.27
-0.27
-0.35
-0.35
-0.35
-0.35
-0.35
-0.27
-0.27
-0.27
-0.27
-0.27
-0.31
-0.31
-0.31
-0.31
-0.27
-0.27
-0.27
-0.27
-0.27
-0.35
-0.35
-0.35
-0.35
-0.35
-0.27
-0.27
-0.27
-0.27
-0.31
-0.31
-0.31
-0.31
-0.31
-0.31
-0.31
-0.31
-0.31
-0.31
-0.35
-0.35
-0.35
-0.35
-0.27
-0.27
-0.27
-0.27
-0.27
-0.27
-0.27
-0.27
-0.27
-0.27
-8.24
-8.24
-8.24
-8.24
-8.24
2.00
2.00
2.00
2.00
-2.28
-2.28
-2.28
-2.28
-2.28
-1.33
-1.33
-1.33
-1.33
-1.33
0.47
0.47
0.47
0.47
0.59
0.59
0.59
0.59
0.59
-0.24
-0.24
-0.24
-0.24
-0.24
-0.59
-0.59
-0.59
-0.59
-0.55
-0.55
-0.55
-0.55
-0.55
-0.24
-0.24
-0.24
-0.24
-0.24
-0.16
-0.16
-0.16
-0.16
-0.39
-0.39
-0.39
-0.39
-0.39
-0.39
-0.39
-0.39
-0.39
-0.39
-0.31
-0.31
-0.31
-0.31
-0.24
-0.24
-0.24
-0.24
-0.24
-0.27
-0.27
-0.27
-0.27
-0.27
-0.31
-0.31
-0.31
-0.31
-0.24
-0.24
-0.24
-0.24
-0.24
-0.24
-0.24
-0.24
-0.24
-0.24
-0.27
-0.27
-0.27
-0.27
-0.27
-0.27
-0.27
-0.27
-0.27
-0.31
-0.31
-0.31
-0.31
-0.31
-0.27
-0.27
-0.27
-0.27
-0.27
-0.24
-0.24
-0.24
-0.24
-0.31
-0.31
-0.31
-0.31
-0.31
-0.24
-0.24
-0.24
-0.24
-0.24
-0.24
-0.24
-0.24
-0.24
-0.24
-0.24
-0.24
-0.24
-0.24
-0.31
-0.31
-0.31
-0.31
-0.31
-0.31
-0.31
-0.31
-0.31
-0.31
-0.31
-0.31
-0.31
-0.31
-0.31
-0.31
-0.31
-0.31
-0.31
-0.27
-0.27
-0.27
-0.27
-0.31
-0.31
-0.31
-0.31
-0.31
-0.35
-0.35
-0.35
-0.35
-0.35
-0.31
-0.31
-0.31
-0.31
-0.35
-0.35
-0.35
-0.35
-0.35
-0.27
-0.27
-0.27
-0.27
-0.27
-0.27
-0.27
-0.27
-0.27
-0.27
-0.27
-0.27
-0.27
-0.27
-0.31
-0.31
-0.31
-0.31
-0.31
-0.24
-0.24
-0.24
-0.24
-12.91
-12.91
-12.91
-12.91
-12.91
-8.36
-8.36
-8.36
-8.36
-8.36
-1.69
-1.69
-1.69
-1.69
1.29
1.29
1.29
1.29
1.29
-1.06
-1.06
-1.06
-1.06
-1.06
0.35
0.35
0.35
0.35
0.35
0.04
0.04
0.04
0.04
-0.67
-0.67
-0.67
-0.67
-0.67
-0.39
-0.39
-0.39
-0.39
-0.39
-0.35
-0.35
-0.35
-0.35
-0.31
-0.31
-0.31
-0.31
-0.31
-0.24
-0.24
-0.24
-0.24
-0.24
-0.39
-0.39
-0.39
-0.39
-0.43
-0.43
-0.43
-0.43
-0.43
-0.31
-0.31
-0.31
-0.31
-0.31
-0.31
-0.31
-0.31
-0.31
-0.35
-0.35
-0.35
-0.35
-0.35
-0.35
-0.35
-0.35
-0.35
-0.35
-0.31
-0.31
-0.31
-0.31
-0.35
-0.35
-0.35
-0.35
-0.35
-0.31
-0.31
-0.31
-0.31
-0.31
-0.35
-0.35
-0.35
-0.35
-0.31
-0.31
-0.31
-0.31
-0.31
-0.35
-0.35
-0.35
-0.35
-0.35
-0.27
-0.27
-0.27
-0.27
-0.31
-0.31
-0.31
-0.31
-0.31
-0.35
-0.35
-0.35
-0.35
-0.35
-0.31
-0.31
-0.31
-0.31
-0.31
-0.31
-0.31
-0.31
-0.31
-0.27
-0.27
-0.27
-0.27
-0.27
-0.31
-0.31
-0.31
-0.31
-0.31
-0.35
-0.35
-0.35
-0.35
-0.35
-0.35
-0.35
-0.35
-0.35
-0.35
-0.35
-0.35
-0.35
-0.35
-0.35
-0.35
-0.35
-0.35
-0.31
-0.31
-0.31
-0.31
-0.31
-0.35
-0.35
-0.35
-0.35
-0.35
-0.27
-0.27
-0.27
-0.27
-0.35
-0.35
-0.35
-0.35
-0.35
-0.27
-0.27
-0.27
-0.27
-0.27
-0.31
-0.31
-0.31
-0.31
-0.35
-0.35
-0.35
-0.35
-0.35
-22.20
-22.20
-22.20
-22.20
-22.20
9.49
9.49
9.49
9.49
-4.67
-4.67
-4.67
-4.67
-4.67
-1.88
-1.88
-1.88
-1.88
-1.88
2.04
2.04
2.04
2.04
0.00
0.00
0.00
0.00
0.00
-0.51
-0.51
-0.51
-0.51
-0.51
-0.35
-0.35
-0.35
-0.35
-0.35
-0.43
-0.43
-0.43
-0.43
-0.16
-0.16
-0.16
-0.16
-0.16
-0.20
-0.20
-0.20
-0.20
-0.20
-0.39
-0.39
-0.39
-0.39
-0.39
-0.39
-0.39
-0.39
-0.39
-0.27
-0.27
-0.27
-0.27
-0.27
-0.35
-0.35
-0.35
-0.35
-0.35
-0.35
-0.35
-0.35
-0.35
-0.35
-0.35
-0.35
-0.35
-0.35
-0.31
-0.31
-0.31
-0.31
-0.24
-0.24
-0.24
-0.24
-0.24
-0.31
-0.31
-0.31
-0.31
-0.31
-0.31
-0.31
-0.31
-0.31
-0.27
-0.27
-0.27
-0.27
-0.27
-0.20
-0.20
-0.20
-0.20
-0.20
-0.35
-0.35
-0.35
-0.35
-0.31
-0.31
-0.31
-0.31
-0.31
-0.31
-0.31
-0.31
-0.31
-0.31
-0.31
-0.31
-0.31
-0.31
-0.24
-0.24
-0.24
-0.24
-0.24
-0.35
-0.35
-0.35
-0.35
-0.35
-0.31
-0.31
-0.31
-0.31
-0.31
-0.31
-0.31
-0.31
-0.31
-0.31
-0.31
-0.31
-0.31
-0.31
-0.39
-0.39
-0.39
-0.39
-0.31
-0.31
-0.31
-0.31
-0.31
-0.35
-0.35
-0.35
-0.35
-0.35
-0.27
-0.27
-0.27
-0.27
-0.39
-0.39
-0.39
-0.39
-0.39
-0.31
-0.31
-0.31
-0.31
-0.31
-0.35
-0.35
-0.35
-0.35
-0.35
-0.31
-0.31
-0.31
-0.31
-0.31
-0.31
-0.31
-0.31
-0.31
-0.31
-0.31
-0.31
-0.31
-0.31
-0.27
-0.27
-0.27
-0.27
9.61
9.61
9.61
9.61
9.61
-1.33
-1.33
-1.33
-1.33
-1.33
-2.47
-2.47
-2.47
-2.47
1.02
1.02
1.02
1.02
1.02
0.55
0.55
0.55
0.55
0.55
-0.90
-0.90
-0.90
-0.90
-0.39
-0.39
-0.39
-0.39
-0.39
-0.35
-0.35
-0.35
-0.35
-0.35
-0.39
-0.39
-0.39
-0.39
-0.20
-0.20
-0.20
-0.20
-0.20
-0.35
-0.35
-0.35
-0.35
-0.35
-0.39
-0.39
-0.39
-0.39
-0.31
-0.31
-0.31
-0.31
-0.31
-0.24
-0.24
-0.24
-0.24
-0.24
-0.27
-0.27
-0.27
-0.27
-0.27
-0.31
-0.31
-0.31
-0.31
-0.35
-0.35
-0.35
-0.35
-0.35
-0.27
-0.27
-0.27
-0.27
-0.27
-0.31
-0.31
-0.31
-0.31
-0.27
-0.27
-0.27
-0.27
-0.27
-0.31
-0.31
-0.31
-0.31
-0.31
-0.27
-0.27
-0.27
-0.27
-0.27
-0.27
-0.27
-0.27
-0.27
-0.27
-0.27
-0.27
-0.27
-0.27
-0.31
-0.31
-0.31
-0.31
-0.31
-0.31
-0.31
-0.31
-0.31
-0.35
-0.35
-0.35
-0.35
-0.35
-0.31
-0.31
-0.31
-0.31
-0.31
-0.31
-0.31
-0.31
-0.31
-0.35
-0.35
-0.35
-0.35
-0.35
-0.35
-0.35
-0.35
-0.35
-0.27
-0.27
-0.27
-0.27
-0.27
-0.31
-0.31
-0.31
-0.31
-0.31
-0.27
-0.27
-0.27
-0.27
-0.31
-0.31
-0.31
-0.31
-0.31
-0.31
-0.31
-0.31
-0.31
-0.31
-0.31
-0.31
-0.31
-0.31
-0.31
-0.31
-0.31
-0.31
-0.31
-0.31
-0.31
-0.31
-0.31
-0.31
-0.39
-0.39
-0.39
-0.39
20.24
20.24
20.24
20.24
20.24
2.43
2.43
2.43
2.43
2.43
-3.80
-3.80
-3.80
-3.80
-3.80
1.14
1.14
1.14
1.14
0.31
0.31
0.31
0.31
0.31
-0.82
-0.82
-0.82
-0.82
-0.82
-0.27
-0.27
-0.27
-0.27
-0.35
-0.35
-0.35
-0.35
-0.35
-0.27
-0.27
-0.27
-0.27
-0.27
-0.24
-0.24
-0.24
-0.24
-0.39
-0.39
-0.39
-0.39
-0.39
-0.39
-0.39
-0.39
-0.39
-0.39
-0.31
-0.31
-0.31
-0.31
-0.27
-0.27
-0.27
-0.27
-0.27
-0.31
-0.31
-0.31
-0.31
-0.31
-0.31
-0.31
-0.31
-0.31
-0.31
-0.31
-0.31
-0.31
-0.31
-0.20
-0.20
-0.20
-0.20
-0.20
-0.35
-0.35
-0.35
-0.35
-0.27
-0.27
-0.27
-0.27
-0.27
-0.27
-0.27
-0.27
-0.27
-0.27
-0.27
-0.27
-0.27
-0.27
-0.27
-0.31
-0.31
-0.31
-0.31
-0.27
-0.27
-0.27
-0.27
-0.27
-0.35
-0.35
-0.35
-0.35
-0.35
-0.35
-0.35
-0.35
-0.35
-0.31
-0.31
-0.31
-0.31
-0.31
-0.31
-0.31
-0.31
-0.31
-0.31
-0.24
-0.24
-0.24
-0.24
-0.35
-0.35
-0.35
-0.35
-0.35
-0.31
-0.31
-0.31
-0.31
-0.31
-0.31
-0.31
-0.31
-0.31
-0.35
-0.35
-0.35
-0.35
-0.35
-0.31
-0.31
-0.31
-0.31
-0.31
-0.27
-0.27
-0.27
-0.27
-0.31
-0.31
-0.31
-0.31
-0.31
-0.31
-0.31
-0.31
-0.31
-0.31
-0.24
-0.24
-0.24
-0.24
-0.31
-0.31
-0.31
-0.31
-0.31
-0.35
-0.35
-0.35
-0.35
-0.35
-0.31
-0.31
-0.31
-0.31
-0.27
-0.27
-0.27
-0.27
-0.27
-5.37
-5.37
-5.37
-5.37
-5.37
-7.85
-7.85
-7.85
-7.85
1.92
1.92
1.92
1.92
1.92
1.10
1.10
1.10
1.10
1.10
-0.04
-0.04
-0.04
-0.04
-0.04
-0.24
-0.24
-0.24
-0.24
-0.63
-0.63
-0.63
-0.63
-0.63
-0.47
-0.47
-0.47
-0.47
-0.47
-0.16
-0.16
-0.16
-0.16
-0.31
-0.31
-0.31
-0.31
-0.31
-0.47
-0.47
-0.47
-0.47
-0.47
-0.31
-0.31
-0.31
-0.31
-0.31
-0.31
-0.31
-0.31
-0.31
-0.24
-0.24
-0.24
-0.24
-0.24
-0.31
-0.31
-0.31
-0.31
-0.31
-0.31
-0.31
-0.31
-0.31
-0.24
-0.24
-0.24
-0.24
-0.24
-0.31
-0.31
-0.31
-0.31
-0.31
-0.31
-0.31
-0.31
-0.31
-0.31
-0.31
-0.31
-0.31
-0.31
-0.35
-0.35
-0.35
-0.35
-0.35
-0.35
-0.35
-0.35
-0.35
-0.27
-0.27
-0.27
-0.27
-0.27
-0.35
-0.35
-0.35
-0.35
-0.31
-0.31
-0.31
-0.31
-0.31
-0.39
-0.39
-0.39
-0.39
-0.39
-0.31
-0.31
-0.31
-0.31
-0.31
-0.31
-0.31
-0.31
-0.31
-0.35
-0.35
-0.35
-0.35
-0.35
-0.35
-0.35
-0.35
-0.35
-0.35
-0.35
-0.35
-0.35
-0.35
-0.35
-0.35
-0.35
-0.35
-0.35
-0.31
-0.31
-0.31
-0.31
-0.31
-0.31
-0.31
-0.31
-0.31
-0.27
-0.27
-0.27
-0.27
-0.27
-0.31
-0.31
-0.31
-0.31
-0.31
-0.39
-0.39
-0.39
-0.39
-0.27
-0.27
-0.27
-0.27
-0.27
-0.31
-0.31
-0.31
-0.31
-0.31
-0.16
-0.16
-0.16
-0.16
-1.22
-1.22
-1.22
-1.22
-1.22
1.92
1.92
1.92
1.92
1.92
-2.35
-2.35
-2.35
-2.35
0.59
0.59
0.59
0.59
0.59
1.41
1.41
1.41
1.41
1.41
-1.06
-1.06
-1.06
-1.06
-0.86
-0.86
-0.86
-0.86
-0.86
-0.16
-0.16
-0.16
-0.16
-0.16
-0.20
-0.20
-0.20
-0.20
-0.31
-0.31
-0.31
-0.31
-0.31
-0.39
-0.39
-0.39
-0.39
-0.39
-0.43
-0.43
-0.43
-0.43
-0.24
-0.24
-0.24
-0.24
-0.24
-0.31
-0.31
-0.31
-0.31
-0.31
-0.35
-0.35
-0.35
-0.35
-0.35
-0.39
-0.39
-0.39
-0.39
-0.31
-0.31
-0.31
-0.31
-0.31
-0.31
-0.31
-0.31
-0.31
-0.31
-0.31
-0.31
-0.31
-0.31
-0.39
-0.39
-0.39
-0.39
-0.39
-0.31
-0.31
-0.31
-0.31
-0.31
-0.35
-0.35
-0.35
-0.35
-0.35
-0.35
-0.35
-0.35
-0.35
-0.35
-0.35
-0.35
-0.35
-0.35
-0.31
-0.31
-0.31
-0.31
-0.35
-0.35
-0.35
-0.35
-0.35
-0.35
-0.35
-0.35
-0.35
-0.35
-0.39
-0.39
-0.39
-0.39
-0.31
-0.31
-0.31
-0.31
-0.31
-0.27
-0.27
-0.27
-0.27
-0.27
-0.31
-0.31
-0.31
-0.31
-0.31
-0.31
-0.31
-0.31
-0.31
-0.35
-0.35
-0.35
-0.35
-0.35
-0.35
-0.35
-0.35
-0.35
-0.35
-0.35
-0.35
-0.35
-0.35
-0.31
-0.31
-0.31
-0.31
-0.31
-0.35
-0.35
-0.35
-0.35
-0.27
-0.27
-0.27
-0.27
-0.27
-0.35
-0.35
-0.35
-0.35
-0.35
-0.35
-0.35
-0.35
-0.35
-0.35
-0.35
-0.35
-0.35
-0.35
7.96
7.96
7.96
7.96
7.96
4.35
4.35
4.35
4.35
4.35
2.39
2.39
2.39
2.39
-6.20
-6.20
-6.20
-6.20
-6.20
0.24
0.24
0.24
0.24
0.24
2.67
2.67
2.67
2.67
-0.39
-0.39
-0.39
-0.39
-0.39
-1.22
-1.22
-1.22
-1.22
-1.22
-0.55
-0.55
-0.55
-0.55
-0.12
-0.12
-0.12
-0.12
-0.12
-0.08
-0.08
-0.08
-0.08
-0.08
-0.47
-0.47
-0.47
-0.47
-0.63
-0.63
-0.63
-0.63
-0.63
-0.31
-0.31
-0.31
-0.31
-0.31
-0.16
-0.16
-0.16
-0.16
-0.16
-0.35
-0.35
-0.35
-0.35
-0.35
-0.35
-0.35
-0.35
-0.35
-0.27
-0.27
-0.27
-0.27
-0.27
-0.20
-0.20
-0.20
-0.20
-0.35
-0.35
-0.35
-0.35
-0.35
-0.31
-0.31
-0.31
-0.31
-0.31
-0.39
-0.39
-0.39
-0.39
-0.31
-0.31
-0.31
-0.31
-0.31
-0.31
-0.31
-0.31
-0.31
-0.31
-0.31
-0.31
-0.31
-0.31
-0.35
-0.35
-0.35
-0.35
-0.35
-0.31
-0.31
-0.31
-0.31
-0.31
-0.31
-0.31
-0.31
-0.31
-0.35
-0.35
-0.35
-0.35
-0.35
-0.31
-0.31
-0.31
-0.31
-0.31
-0.35
-0.35
-0.35
-0.35
-0.31
-0.31
-0.31
-0.31
-0.31
-0.27
-0.27
-0.27
-0.27
-0.27
-0.39
-0.39
-0.39
-0.39
-0.35
-0.35
-0.35
-0.35
-0.35
-0.35
-0.35
-0.35
-0.35
-0.35
-0.31
-0.31
-0.31
-0.31
-0.24
-0.24
-0.24
-0.24
-0.24
-0.35
-0.35
-0.35
-0.35
-0.35
-0.35
-0.35
-0.35
-0.35
27.03
27.03
27.03
27.03
27.03
9.85
9.85
9.85
9.85
9.85
1.57
1.57
1.57
1.57
1.57
-3.33
-3.33
-3.33
-3.33
-0.16
-0.16
-0.16
-0.16
-0.16
0.27
0.27
0.27
0.27
0.27
-0.27
-0.27
-0.27
-0.27
-0.31
-0.31
-0.31
-0.31
-0.31
-0.55
-0.55
-0.55
-0.55
-0.55
-0.35
-0.35
-0.35
-0.35
-0.16
-0.16
-0.16
-0.16
-0.16
-0.35
-0.35
-0.35
-0.35
-0.35
-0.43
-0.43
-0.43
-0.43
-0.35
-0.35
-0.35
-0.35
-0.35
-0.27
-0.27
-0.27
-0.27
-0.27
-0.31
-0.31
-0.31
-0.31
-0.35
-0.35
-0.35
-0.35
-0.35
-0.39
-0.39
-0.39
-0.39
-0.39
-0.35
-0.35
-0.35
-0.35
-0.27
-0.27
-0.27
-0.27
-0.27
-0.31
-0.31
-0.31
-0.31
-0.31
-0.27
-0.27
-0.27
-0.27
-0.27
-0.35
-0.35
-0.35
-0.35
-0.35
-0.35
-0.35
-0.35
-0.35
-0.27
-0.27
-0.27
-0.27
-0.27
-0.31
-0.31
-0.31
-0.31
-0.27
-0.27
-0.27
-0.27
-0.27
-0.31
-0.31
-0.31
-0.31
-0.31
-0.27
-0.27
-0.27
-0.27
-0.27
-0.27
-0.27
-0.27
-0.27
-0.35
-0.35
-0.35
-0.35
-0.35
-0.31
-0.31
-0.31
-0.31
-0.31
-0.31
-0.31
-0.31
-0.31
-0.35
-0.35
-0.35
-0.35
-0.35
-0.31
-0.31
-0.31
-0.31
-0.35
-0.35
-0.35
-0.35
-0.35
-0.35
-0.35
-0.35
-0.35
-0.35
-0.27
-0.27
-0.27
-0.27
-0.27
-0.27
-0.27
-0.27
-0.27
-0.27
-0.27
-0.27
-0.27
-0.27
-0.39
-0.39
-0.39
-0.39
-0.31
-0.31
-0.31
-0.31
-0.31
-0.35
-0.35
-0.35
-0.35
-0.35
-0.31
-0.31
-0.31
-0.31
57.74
57.74
57.74
57.74
57.74
-1.84
-1.84
-1.84
-1.84
-1.84
-5.53
-5.53
-5.53
-5.53
0.31
0.31
0.31
0.31
0.31
1.73
1.73
1.73
1.73
1.73
-0.04
-0.04
-0.04
-0.04
-0.04
-0.75
-0.75
-0.75
-0.75
-0.78
-0.78
-0.78
-0.78
-0.78
-0.24
-0.24
-0.24
-0.24
-0.24
-0.08
-0.08
-0.08
-0.08
-0.39
-0.39
-0.39
-0.39
-0.39
-0.59
-0.59
-0.59
-0.59
-0.59
-0.39
-0.39
-0.39
-0.39
-0.27
-0.27
-0.27
-0.27
-0.27
-0.31
-0.31
-0.31
-0.31
-0.31
-0.47
-0.47
-0.47
-0.47
-0.31
-0.31
-0.31
-0.31
-0.31
-0.31
-0.31
-0.31
-0.31
-0.31
-0.27
-0.27
-0.27
-0.27
-0.35
-0.35
-0.35
-0.35
-0.35
-0.31
-0.31
-0.31
-0.31
-0.31
-0.39
-0.39
-0.39
-0.39
-0.35
-0.35
-0.35
-0.35
-0.35
-0.27
-0.27
-0.27
-0.27
-0.27
-0.35
-0.35
-0.35
-0.35
-0.31
-0.31
-0.31
-0.31
-0.31
-0.35
-0.35
-0.35
-0.35
-0.35
-0.31
-0.31
-0.31
-0.31
-0.31
-0.31
-0.31
-0.31
-0.31
-0.27
-0.27
-0.27
-0.27
-0.27
-0.35
-0.35
-0.35
-0.35
-0.35
-0.39
-0.39
-0.39
-0.39
-0.27
-0.27
-0.27
-0.27
-0.27
-0.35
-0.35
-0.35
-0.35
-0.35
-0.31
-0.31
-0.31
-0.31
-0.27
-0.27
-0.27
-0.27
-0.27
-0.35
-0.35
-0.35
-0.35
-0.35
-0.35
-0.35
-0.35
-0.35
-0.35
-0.35
-0.35
-0.35
-0.35
-0.35
-0.35
-0.35
-0.35
-0.35
36.05
36.05
36.05
36.05
5.49
5.49
5.49
5.49
5.49
-1.14
-1.14
-1.14
-1.14
-1.14
0.67
0.67
0.67
0.67
1.37
1.37
1.37
1.37
1.37
-1.02
-1.02
-1.02
-1.02
-1.02
-1.06
-1.06
-1.06
-1.06
-1.06
-0.16
-0.16
-0.16
-0.16
-0.08
-0.08
-0.08
-0.08
-0.08
-0.39
-0.39
-0.39
-0.39
-0.39
-0.47
-0.47
-0.47
-0.47
-0.31
-0.31
-0.31
-0.31
-0.31
-0.24
-0.24
-0.24
-0.24
-0.24
-0.31
-0.31
-0.31
-0.31
-0.39
-0.39
-0.39
-0.39
-0.39
-0.31
-0.31
-0.31
-0.31
-0.31
-0.27
-0.27
-0.27
-0.27
-0.31
-0.31
-0.31
-0.31
-0.31
-0.35
-0.35
-0.35
-0.35
-0.35
-0.39
-0.39
-0.39
-0.39
-0.35
-0.35
-0.35
-0.35
-0.35
-0.31
-0.31
-0.31
-0.31
-0.31
-0.31
-0.31
-0.31
-0.31
-0.31
-0.31
-0.31
-0.31
-0.31
-0.31
-0.31
-0.31
-0.31
-0.31
-0.39
-0.39
-0.39
-0.39
-0.39
-0.39
-0.39
-0.39
-0.39
-0.27
-0.27
-0.27
-0.27
-0.27
-0.35
-0.35
-0.35
-0.35
-0.31
-0.31
-0.31
-0.31
-0.31
-0.24
-0.24
-0.24
-0.24
-0.24
-0.24
-0.24
-0.24
-0.24
-0.35
-0.35
-0.35
-0.35
-0.35
-0.27
-0.27
-0.27
-0.27
-0.27
-0.31
-0.31
-0.31
-0.31
-0.31
-0.31
-0.31
-0.31
-0.31
-0.31
-0.31
-0.31
-0.31
-0.31
-0.31
-0.31
-0.31
-0.31
-0.31
-0.35
-0.35
-0.35
-0.35
-0.27
-0.27
-0.27
-0.27
-0.27
-0.24
-0.24
-0.24
-0.24
-0.24
-0.31
-0.31
-0.31
-0.31
-0.35
-0.35
-0.35
-0.35
-0.35
16.44
16.44
16.44
16.44
16.44
-1.22
-1.22
-1.22
-1.22
-2.20
-2.20
-2.20
-2.20
-2.20
0.24
0.24
0.24
0.24
0.24
0.71
0.71
0.71
0.71
-0.12
-0.12
-0.12
-0.12
-0.12
-0.35
-0.35
-0.35
-0.35
-0.35
-0.75
-0.75
-0.75
-0.75
-0.35
-0.35
-0.35
-0.35
-0.35
-0.12
-0.12
-0.12
-0.12
-0.12
-0.35
-0.35
-0.35
-0.35
-0.43
-0.43
-0.43
-0.43
-0.43
-0.31
-0.31
-0.31
-0.31
-0.31
-0.27
-0.27
-0.27
-0.27
-0.27
-0.24
-0.24
-0.24
-0.24
-0.31
-0.31
-0.31
-0.31
-0.31
-0.27
-0.27
-0.27
-0.27
-0.27
-0.27
-0.27
-0.27
-0.27
-0.20
-0.20
-0.20
-0.20
-0.20
-0.27
-0.27
-0.27
-0.27
-0.27
-0.31
-0.31
-0.31
-0.31
-0.27
-0.27
-0.27
-0.27
-0.27
-0.20
-0.20
-0.20
-0.20
-0.20
-0.27
-0.27
-0.27
-0.27
-0.20
-0.20
-0.20
-0.20
-0.20
-0.27
-0.27
-0.27
-0.27
-0.27
-0.27
-0.27
-0.27
-0.27
-0.27
-0.27
-0.27
-0.27
-0.27
-0.24
-0.24
-0.24
-0.24
-0.24
-0.35
-0.35
-0.35
-0.35
-0.27
-0.27
-0.27
-0.27
-0.27
-0.24
-0.24
-0.24
-0.24
-0.24
-0.27
-0.27
-0.27
-0.27
-0.24
-0.24
-0.24
-0.24
-0.24
-0.24
-0.24
-0.24
-0.24
-0.24
-0.31
-0.31
-0.31
-0.31
-0.20
-0.20
-0.20
-0.20
-0.20
-0.27
-0.27
-0.27
-0.27
-0.27
-0.27
-0.27
-0.27
-0.27
47.66
47.66
47.66
47.66
47.66
7.06
7.06
7.06
7.06
7.06
0.00
0.00
0.00
0.00
0.00
0.67
0.67
0.67
0.67
0.55
0.55
0.55
0.55
0.55
-0.82
-0.82
-0.82
-0.82
-0.82
-0.39
-0.39
-0.39
-0.39
-0.24
-0.24
-0.24
-0.24
-0.24
-0.12
-0.12
-0.12
-0.12
-0.12
-0.27
-0.27
-0.27
-0.27
-0.43
-0.43
-0.43
-0.43
-0.43
-0.35
-0.35
-0.35
-0.35
-0.35
-0.12
-0.12
-0.12
-0.12
-0.35
-0.35
-0.35
-0.35
-0.35
-0.39
-0.39
-0.39
-0.39
-0.39
-0.31
-0.31
-0.31
-0.31
-0.31
-0.27
-0.27
-0.27
-0.27
-0.31
-0.31
-0.31
-0.31
-0.31
-0.24
-0.24
-0.24
-0.24
-0.24
-0.35
-0.35
-0.35
-0.35
-0.24
-0.24
-0.24
-0.24
-0.24
-0.27
-0.27
-0.27
-0.27
-0.27
-0.27
-0.27
-0.27
-0.27
-0.35
-0.35
-0.35
-0.35
-0.35
-0.31
-0.31
-0.31
-0.31
-0.31
-0.27
-0.27
-0.27
-0.27
-0.27
-0.27
-0.27
-0.27
-0.27
-0.20
-0.20
-0.20
-0.20
-0.20
-0.24
-0.24
-0.24
-0.24
-0.31
-0.31
-0.31
-0.31
-0.31
-0.31
-0.31
-0.31
-0.31
-0.31
-0.31
-0.31
-0.31
-0.31
-0.24
-0.24
-0.24
-0.24
-0.24
-0.35
-0.35
-0.35
-0.35
-0.35
-0.24
-0.24
-0.24
-0.24
-0.20
-0.20
-0.20
-0.20
-0.20
-0.27
-0.27
-0.27
-0.27
-0.27
-0.20
-0.20
-0.20
-0.20
-0.31
-0.31
-0.31
-0.31
-0.31
-32.24
-32.24
-32.24
-32.24
-32.24
-0.98
-0.98
-0.98
-0.98
-5.30
-5.30
-5.30
-5.30
-5.30
0.82
0.82
0.82
0.82
0.82
0.35
0.35
0.35
0.35
0.35
0.39
0.39
0.39
0.39
-0.35
-0.35
-0.35
-0.35
-0.35
-0.86
-0.86
-0.86
-0.86
-0.86
-0.24
-0.24
-0.24
-0.24
-0.04
-0.04
-0.04
-0.04
-0.04
-0.27
-0.27
-0.27
-0.27
-0.27
-0.35
-0.35
-0.35
-0.35
-0.27
-0.27
-0.27
-0.27
-0.27
-0.27
-0.27
-0.27
-0.27
-0.27
-0.27
-0.27
-0.27
-0.27
-0.35
-0.35
-0.35
-0.35
-0.35
-0.31
-0.31
-0.31
-0.31
-0.31
-0.31
-0.31
-0.31
-0.31
-0.24
-0.24
-0.24
-0.24
-0.24
-0.27
-0.27
-0.27
-0.27
-0.27
-0.27
-0.27
-0.27
-0.27
-0.31
-0.31
-0.31
-0.31
-0.31
-0.31
-0.31
-0.31
-0.31
-0.31
-0.27
-0.27
-0.27
-0.27
-0.35
-0.35
-0.35
-0.35
-0.35
-0.27
-0.27
-0.27
-0.27
-0.27
-0.31
-0.31
-0.31
-0.31
-0.31
-0.31
-0.31
-0.31
-0.31
-0.35
-0.35
-0.35
-0.35
-0.35
-0.31
-0.31
-0.31
-0.31
-0.31
-0.27
-0.27
-0.27
-0.27
-0.24
-0.24
-0.24
-0.24
-0.24
-0.35
-0.35
-0.35
-0.35
-0.35
-0.31
-0.31
-0.31
-0.31
-0.31
-0.31
-0.31
-0.31
-0.31
-0.24
-0.24
-0.24
-0.24
-0.24
-0.31
-0.31
-0.31
-0.31
-0.27
-0.27
-0.27
-0.27
-0.27
-0.27
-0.27
-0.27
-0.27
-0.27
-0.31
-0.31
-0.31
-0.31
-0.27
-0.27
-0.27
-0.27
-0.27
-0.35
-0.35
-0.35
-0.35
-0.35
2.43
2.43
2.43
2.43
-0.27
-0.27
-0.27
-0.27
-0.27
-0.20
-0.20
-0.20
-0.20
-0.20
-1.45
-1.45
-1.45
-1.45
2.08
2.08
2.08
2.08
2.08
0.43
0.43
0.43
0.43
0.43
-1.06
-1.06
-1.06
-1.06
-1.06
-0.47
-0.47
-0.47
-0.47
-0.27
-0.27
-0.27
-0.27
-0.27
-0.16
-0.16
-0.16
-0.16
-0.16
-0.24
-0.24
-0.24
-0.24
-0.47
-0.47
-0.47
-0.47
-0.47
-0.39
-0.39
-0.39
-0.39
-0.39
-0.24
-0.24
-0.24
-0.24
-0.31
-0.31
-0.31
-0.31
-0.31
-0.31
-0.31
-0.31
-0.31
-0.31
-0.31
-0.31
-0.31
-0.31
-0.24
-0.24
-0.24
-0.24
-0.24
-0.27
-0.27
-0.27
-0.27
-0.27
-0.31
-0.31
-0.31
-0.31
-0.35
-0.35
-0.35
-0.35
-0.35
-0.31
-0.31
-0.31
-0.31
-0.31
-0.27
-0.27
-0.27
-0.27
-0.31
-0.31
-0.31
-0.31
-0.31
-0.31
-0.31
-0.31
-0.31
-0.31
-0.31
-0.31
-0.31
-0.31
-0.31
-0.31
-0.31
-0.31
-0.31
-0.31
-0.31
-0.31
-0.31
-0.31
-0.35
-0.35
-0.35
-0.35
-0.27
-0.27
-0.27
-0.27
-0.27
-0.27
-0.27
-0.27
-0.27
-0.27
-0.35
-0.35
-0.35
-0.35
-0.31
-0.31
-0.31
-0.31
-0.31
-0.27
-0.27
-0.27
-0.27
-0.27
-0.24
-0.24
-0.24
-0.24
-0.24
-0.24
-0.24
-0.24
-0.24
-0.27
-0.27
-0.27
-0.27
-0.27
-0.31
-0.31
-0.31
-0.31
-0.31
-0.27
-0.27
-0.27
-0.27
-0.27
-0.27
-0.27
-0.27
-0.27
-0.31
-0.31
-0.31
-0.31
-0.31
-0.24
-0.24
-0.24
-0.24
-0.35
-0.35
-0.35
-0.35
-0.35
-0.35
-0.35
-0.35
-0.35
-0.35
13.34
13.34
13.34
13.34
1.10
1.10
1.10
1.10
1.10
-1.73
-1.73
-1.73
-1.73
-1.73
1.45
1.45
1.45
1.45
1.33
1.33
1.33
1.33
1.33
-0.71
-0.71
-0.71
-0.71
-0.71
-0.98
-0.98
-0.98
-0.98
-0.47
-0.47
-0.47
-0.47
-0.47
-0.04
-0.04
-0.04
-0.04
-0.04
-0.12
-0.12
-0.12
-0.12
-0.12
-0.51
-0.51
-0.51
-0.51
-0.47
-0.47
-0.47
-0.47
-0.47
-0.20
-0.20
-0.20
-0.20
-0.20
-0.24
-0.24
-0.24
-0.24
-0.31
-0.31
-0.31
-0.31
-0.31
-0.35
-0.35
-0.35
-0.35
-0.35
-0.35
-0.35
-0.35
-0.35
-0.20
-0.20
-0.20
-0.20
-0.20
-0.27
-0.27
-0.27
-0.27
-0.27
-0.35
-0.35
-0.35
-0.35
-0.27
-0.27
-0.27
-0.27
-0.27
-0.31
-0.31
-0.31
-0.31
-0.31
-0.31
-0.31
-0.31
-0.31
-0.24
-0.24
-0.24
-0.24
-0.24
-0.27
-0.27
-0.27
-0.27
-0.27
-0.20
-0.20
-0.20
-0.20
-0.31
-0.31
-0.31
-0.31
-0.31
-0.31
-0.31
-0.31
-0.31
-0.31
-0.27
-0.27
-0.27
-0.27
-0.31
-0.31
-0.31
-0.31
-0.31
-0.20
-0.20
-0.20
-0.20
-0.20
-0.24
-0.24
-0.24
-0.24
-0.20
-0.20
-0.20
-0.20
-0.20
-0.24
-0.24
-0.24
-0.24
-0.24
-0.27
-0.27
-0.27
-0.27
-0.31
-0.31
-0.31
-0.31
-0.31
-0.31
-0.31
-0.31
-0.31
-0.31
-0.31
-0.31
-0.31
-0.31
-0.27
-0.27
-0.27
-0.27
-0.27
15.18
15.18
15.18
15.18
15.18
9.81
9.81
9.81
9.81
9.81
2.90
2.90
2.90
2.90
-2.63
-2.63
-2.63
-2.63
-2.63
0.20
0.20
0.20
0.20
0.20
-0.35
-0.35
-0.35
-0.35
-0.20
-0.20
-0.20
-0.20
-0.20
0.16
0.16
0.16
0.16
0.16
-0.75
-0.75
-0.75
-0.75
-0.51
-0.51
-0.51
-0.51
-0.51
-0.04
-0.04
-0.04
-0.04
-0.04
-0.27
-0.27
-0.27
-0.27
-0.27
-0.39
-0.39
-0.39
-0.39
-0.39
-0.39
-0.39
-0.39
-0.39
-0.31
-0.31
-0.31
-0.31
-0.31
-0.20
-0.20
-0.20
-0.20
-0.24
-0.24
-0.24
-0.24
-0.24
-0.31
-0.31
-0.31
-0.31
-0.31
-0.27
-0.27
-0.27
-0.27
-0.27
-0.27
-0.27
-0.27
-0.27
-0.31
-0.31
-0.31
-0.31
-0.31
-0.27
-0.27
-0.27
-0.27
-0.35
-0.35
-0.35
-0.35
-0.35
-0.27
-0.27
-0.27
-0.27
-0.27
-0.39
-0.39
-0.39
-0.39
-0.31
-0.31
-0.31
-0.31
-0.31
-0.24
-0.24
-0.24
-0.24
-0.24
-0.24
-0.24
-0.24
-0.24
-0.31
-0.31
-0.31
-0.31
-0.31
-0.35
-0.35
-0.35
-0.35
-0.35
-0.31
-0.31
-0.31
-0.31
-0.35
-0.35
-0.35
-0.35
-0.35
-0.24
-0.24
-0.24
-0.24
-0.24
-0.20
-0.20
-0.20
-0.20
-0.35
-0.35
-0.35
-0.35
-0.35
-0.27
-0.27
-0.27
-0.27
-0.27
-0.35
-0.35
-0.35
-0.35
-0.35
-0.35
-0.35
-0.35
-0.35
-0.27
-0.27
-0.27
-0.27
-0.27
-0.27
-0.27
-0.27
-0.27
-0.27
-0.27
-0.27
-0.27
-0.27
-0.31
-0.31
-0.31
-0.31
-0.31
-0.24
-0.24
-0.24
-0.24
70.45
70.45
70.45
70.45
70.45
6.71
6.71
6.71
6.71
6.71
-7.41
-7.41
-7.41
-7.41
-7.41
-0.04
-0.04
-0.04
-0.04
0.98
0.98
0.98
0.98
0.98
0.78
0.78
0.78
0.78
0.78
-0.35
-0.35
-0.35
-0.35
-0.98
-0.98
-0.98
-0.98
-0.98
-0.31
-0.31
-0.31
-0.31
-0.31
0.24
0.24
0.24
0.24
-0.39
-0.39
-0.39
-0.39
-0.39
-0.51
-0.51
-0.51
-0.51
-0.51
-0.31
-0.31
-0.31
-0.31
-0.20
-0.20
-0.20
-0.20
-0.20
-0.24
-0.24
-0.24
-0.24
-0.24
-0.31
-0.31
-0.31
-0.31
-0.31
-0.31
-0.31
-0.31
-0.31
-0.24
-0.24
-0.24
-0.24
-0.24
-0.27
-0.27
-0.27
-0.27
-0.27
-0.24
-0.24
-0.24
-0.24
-0.27
-0.27
-0.27
-0.27
-0.27
-0.31
-0.31
-0.31
-0.31
-0.31
-0.27
-0.27
-0.27
-0.27
-0.24
-0.24
-0.24
-0.24
-0.24
-0.31
-0.31
-0.31
-0.31
-0.31
-0.31
-0.31
-0.31
-0.31
-0.31
-0.31
-0.31
-0.31
-0.31
-0.27
-0.27
-0.27
-0.27
-0.27
-0.31
-0.31
-0.31
-0.31
-0.31
-0.31
-0.31
-0.31
-0.31
-0.27
-0.27
-0.27
-0.27
-0.27
-0.24
-0.24
-0.24
-0.24
-0.27
-0.27
-0.27
-0.27
-0.27
-0.27
-0.27
-0.27
-0.27
-0.27
-0.24
-0.24
-0.24
-0.24
-0.27
-0.27
-0.27
-0.27
-0.27
-0.24
-0.24
-0.24
-0.24
-0.24
-0.27
-0.27
-0.27
-0.27
-0.31
-0.31
-0.31
-0.31
-0.31
-0.31
-0.31
-0.31
-0.31
-0.31
-22.63
-22.63
-22.63
-22.63
-9.34
-9.34
-9.34
-9.34
-9.34
4.31
4.31
4.31
4.31
4.31
-1.65
-1.65
-1.65
-1.65
-1.65
-2.51
-2.51
-2.51
-2.51
1.33
1.33
1.33
1.33
1.33
0.27
0.27
0.27
0.27
0.27
-0.31
-0.31
-0.31
-0.31
-0.55
-0.55
-0.55
-0.55
-0.55
-0.63
-0.63
-0.63
-0.63
-0.63
-0.20
-0.20
-0.20
-0.20
-0.04
-0.04
-0.04
-0.04
-0.04
-0.43
-0.43
-0.43
-0.43
-0.43
-0.51
-0.51
-0.51
-0.51
-0.35
-0.35
-0.35
-0.35
-0.35
-0.24
-0.24
-0.24
-0.24
-0.24
-0.31
-0.31
-0.31
-0.31
-0.39
-0.39
-0.39
-0.39
-0.39
-0.35
-0.35
-0.35
-0.35
-0.35
-0.27
-0.27
-0.27
-0.27
-0.24
-0.24
-0.24
-0.24
-0.24
-0.35
-0.35
-0.35
-0.35
-0.35
-0.16
-0.16
-0.16
-0.16
-0.27
-0.27
-0.27
-0.27
-0.27
-0.27
-0.27
-0.27
-0.27
-0.27
-0.27
-0.27
-0.27
-0.27
-0.31
-0.31
-0.31
-0.31
-0.31
-0.35
-0.35
-0.35
-0.35
-0.35
-0.31
-0.31
-0.31
-0.31
-0.31
-0.31
-0.31
-0.31
-0.31
-0.27
-0.27
-0.27
-0.27
-0.27
-0.27
-0.27
-0.27
-0.27
-0.27
-0.31
-0.31
-0.31
-0.31
-0.31
-0.31
-0.31
-0.31
-0.31
-0.31
-0.31
-0.31
-0.31
-0.31
-0.20
-0.20
-0.20
-0.20
-0.31
-0.31
-0.31
-0.31
-0.31
-0.35
-0.35
-0.35
-0.35
-0.35
-0.27
-0.27
-0.27
-0.27
-0.31
-0.31
-0.31
-0.31
-0.31
-9.81
-9.81
-9.81
-9.81
-9.81
-4.59
-4.59
-4.59
-4.59
3.53
3.53
3.53
3.53
3.53
-3.14
-3.14
-3.14
-3.14
-3.14
0.71
0.71
0.71
0.71
1.06
1.06
1.06
1.06
1.06
-0.98
-0.98
-0.98
-0.98
-0.98
-0.35
-0.35
-0.35
-0.35
-0.35
-0.39
-0.39
-0.39
-0.39
-0.35
-0.35
-0.35
-0.35
-0.35
-0.16
-0.16
-0.16
-0.16
-0.16
-0.31
-0.31
-0.31
-0.31
-0.43
-0.43
-0.43
-0.43
-0.43
-0.31
-0.31
-0.31
-0.31
-0.31
-0.27
-0.27
-0.27
-0.27
-0.27
-0.27
-0.27
-0.27
-0.27
-0.31
-0.31
-0.31
-0.31
-0.31
-0.24
-0.24
-0.24
-0.24
-0.24
-0.24
-0.24
-0.24
-0.24
-0.24
-0.24
-0.24
-0.24
-0.24
-0.27
-0.27
-0.27
-0.27
-0.24
-0.24
-0.24
-0.24
-0.24
-0.24
-0.24
-0.24
-0.24
-0.24
-0.27
-0.27
-0.27
-0.27
-0.31
-0.31
-0.31
-0.31
-0.31
-0.27
-0.27
-0.27
-0.27
-0.27
-0.24
-0.24
-0.24
-0.24
-0.31
-0.31
-0.31
-0.31
-0.31
-0.27
-0.27
-0.27
-0.27
-0.27
-0.31
-0.31
-0.31
-0.31
-0.24
-0.24
-0.24
-0.24
-0.24
-0.24
-0.24
-0.24
-0.24
-0.24
-0.27
-0.27
-0.27
-0.27
-0.24
-0.24
-0.24
-0.24
-0.24
-0.27
-0.27
-0.27
-0.27
-0.27
-0.35
-0.35
-0.35
-0.35
-0.31
-0.31
-0.31
-0.31
-0.31
-0.27
-0.27
-0.27
-0.27
-0.27
-12.32
-12.32
-12.32
-12.32
-12.32
4.20
4.20
4.20
4.20
3.57
3.57
3.57
3.57
3.57
-3.80
-3.80
-3.80
-3.80
-3.80
-0.75
-0.75
-0.75
-0.75
0.75
0.75
0.75
0.75
0.75
0.31
0.31
0.31
0.31
0.31
0.00
0.00
0.00
0.00
-1.02
-1.02
-1.02
-1.02
-1.02
-0.43
-0.43
-0.43
-0.43
-0.43
0.08
0.08
0.08
0.08
0.08
-0.24
-0.24
-0.24
-0.24
-0.43
-0.43
-0.43
-0.43
-0.43
-0.39
-0.39
-0.39
-0.39
-0.39
-0.27
-0.27
-0.27
-0.27
-0.27
-0.27
-0.27
-0.27
-0.27
-0.31
-0.31
-0.31
-0.31
-0.31
-0.35
-0.35
-0.35
-0.35
-0.31
-0.31
-0.31
-0.31
-0.31
-0.24
-0.24
-0.24
-0.24
-0.24
-0.31
-0.31
-0.31
-0.31
-0.27
-0.27
-0.27
-0.27
-0.27
-0.20
-0.20
-0.20
-0.20
-0.20
-0.27
-0.27
-0.27
-0.27
-0.31
-0.31
-0.31
-0.31
-0.31
-0.27
-0.27
-0.27
-0.27
-0.27
-0.27
-0.27
-0.27
-0.27
-0.27
-0.27
-0.27
-0.27
-0.27
-0.24
-0.24
-0.24
-0.24
-0.24
-0.31
-0.31
-0.31
-0.31
-0.35
-0.35
-0.35
-0.35
-0.35
-0.20
-0.20
-0.20
-0.20
-0.20
-0.27
-0.27
-0.27
-0.27
-0.31
-0.31
-0.31
-0.31
-0.31
-0.31
-0.31
-0.31
-0.31
-0.31
-0.31
-0.31
-0.31
-0.31
-0.35
-0.35
-0.35
-0.35
-0.35
-0.31
-0.31
-0.31
-0.31
-0.31
-0.31
-0.31
-0.31
-0.31
-0.31
-0.31
-0.31
-0.31
-0.31
-0.27
-0.27
-0.27
-0.27
-0.27
31.22
31.22
31.22
31.22
31.22
-1.69
-1.69
-1.69
-1.69
-0.63
-0.63
-0.63
-0.63
-0.63
-0.04
-0.04
-0.04
-0.04
-0.04
-0.24
-0.24
-0.24
-0.24
0.35
0.35
0.35
0.35
0.35
-0.39
-0.39
-0.39
-0.39
-0.39
-0.59
-0.59
-0.59
-0.59
-0.08
-0.08
-0.08
-0.08
-0.08
-0.24
-0.24
-0.24
-0.24
-0.24
-0.31
-0.31
-0.31
-0.31
-0.31
-0.31
-0.31
-0.31
-0.31
-0.20
-0.20
-0.20
-0.20
-0.20
-0.24
-0.24
-0.24
-0.24
-0.31
-0.31
-0.31
-0.31
-0.31
-0.27
-0.27
-0.27
-0.27
-0.27
-0.27
-0.27
-0.27
-0.27
-0.27
-0.27
-0.27
-0.27
-0.27
-0.20
-0.20
-0.20
-0.20
-0.20
-0.27
-0.27
-0.27
-0.27
-0.24
-0.24
-0.24
-0.24
-0.24
-0.27
-0.27
-0.27
-0.27
-0.27
-0.27
-0.27
-0.27
-0.27
-0.27
-0.27
-0.27
-0.27
-0.27
-0.27
-0.27
-0.27
-0.27
-0.27
-0.27
-0.27
-0.27
-0.27
-0.27
-0.31
-0.31
-0.31
-0.31
-0.27
-0.27
-0.27
-0.27
-0.27
-0.27
-0.27
-0.27
-0.27
-0.27
-0.20
-0.20
-0.20
-0.20
-0.27
-0.27
-0.27
-0.27
-0.27
-0.24
-0.24
-0.24
-0.24
-0.24
-0.20
-0.20
-0.20
-0.20
-0.27
-0.27
-0.27
-0.27
-0.27
-0.24
-0.24
-0.24
-0.24
-0.24
-0.27
-0.27
-0.27
-0.27
-0.24
-0.24
-0.24
-0.24
-0.24
-0.24
-0.24
-0.24
-0.24
-0.24
6.24
6.24
6.24
6.24
5.02
5.02
5.02
5.02
5.02
1.73
1.73
1.73
1.73
1.73
-3.14
-3.14
-3.14
-3.14
1.02
1.02
1.02
1.02
1.02
0.51
0.51
0.51
0.51
0.51
-0.63
-0.63
-0.63
-0.63
-0.63
-0.16
-0.16
-0.16
-0.16
-0.51
-0.51
-0.51
-0.51
-0.51
-0.31
-0.31
-0.31
-0.31
-0.31
-0.20
-0.20
-0.20
-0.20
-0.31
-0.31
-0.31
-0.31
-0.31
-0.27
-0.27
-0.27
-0.27
-0.27
-0.27
-0.27
-0.27
-0.27
-0.27
-0.27
-0.27
-0.27
-0.27
-0.24
-0.24
-0.24
-0.24
-0.24
-0.31
-0.31
-0.31
-0.31
-0.27
-0.27
-0.27
-0.27
-0.27
-0.20
-0.20
-0.20
-0.20
-0.20
-0.24
-0.24
-0.24
-0.24
-0.31
-0.31
-0.31
-0.31
-0.31
-0.35
-0.35
-0.35
-0.35
-0.35
-0.27
-0.27
-0.27
-0.27
-0.27
-0.27
-0.27
-0.27
-0.27
-0.27
-0.27
-0.27
-0.27
-0.27
-0.24
-0.24
-0.24
-0.24
-0.24
-0.24
-0.24
-0.24
-0.24
-0.24
-0.24
-0.24
-0.24
-0.24
-0.27
-0.27
-0.27
-0.27
-0.27
-0.24
-0.24
-0.24
-0.24
-0.20
-0.20
-0.20
-0.20
-0.20
-0.24
-0.24
-0.24
-0.24
-0.24
-0.27
-0.27
-0.27
-0.27
-0.24
-0.24
-0.24
-0.24
-0.24
-0.27
-0.27
-0.27
-0.27
-0.27
-0.24
-0.24
-0.24
-0.24
-0.35
-0.35
-0.35
-0.35
-0.35
-0.24
-0.24
-0.24
-0.24
-0.24
-0.27
-0.27
-0.27
-0.27
-0.24
-0.24
-0.24
-0.24
-0.24
17.10
17.10
17.10
17.10
17.10
-4.82
-4.82
-4.82
-4.82
-3.69
-3.69
-3.69
-3.69
-3.69
-0.12
-0.12
-0.12
-0.12
-0.12
0.67
0.67
0.67
0.67
1.06
1.06
1.06
1.06
1.06
-0.39
-0.39
-0.39
-0.39
-0.39
-0.94
-0.94
-0.94
-0.94
-0.16
-0.16
-0.16
-0.16
-0.16
-0.08
-0.08
-0.08
-0.08
-0.08
-0.31
-0.31
-0.31
-0.31
-0.31
-0.39
-0.39
-0.39
-0.39
-0.31
-0.31
-0.31
-0.31
-0.31
-0.20
-0.20
-0.20
-0.20
-0.20
-0.24
-0.24
-0.24
-0.24
-0.27
-0.27
-0.27
-0.27
-0.27
-0.24
-0.24
-0.24
-0.24
-0.24
-0.27
-0.27
-0.27
-0.27
-0.24
-0.24
-0.24
-0.24
-0.24
-0.27
-0.27
-0.27
-0.27
-0.27
-0.24
-0.24
-0.24
-0.24
-0.24
-0.24
-0.24
-0.24
-0.24
-0.24
-0.24
-0.24
-0.24
-0.24
-0.27
-0.27
-0.27
-0.27
-0.31
-0.31
-0.31
-0.31
-0.31
-0.24
-0.24
-0.24
-0.24
-0.24
-0.24
-0.24
-0.24
-0.24
-0.24
-0.24
-0.24
-0.24
-0.24
-0.24
-0.24
-0.24
-0.24
-0.24
-0.24
-0.24
-0.24
-0.24
-0.27
-0.27
-0.27
-0.27
-0.27
-0.39
-0.39
-0.39
-0.39
-0.39
-0.31
-0.31
-0.31
-0.31
-0.31
-0.31
-0.31
-0.31
-0.31
-0.20
-0.20
-0.20
-0.20
-0.20
-0.24
-0.24
-0.24
-0.24
-0.24
-0.24
-0.24
-0.24
-0.24
-0.27
-0.27
-0.27
-0.27
-0.27
5.65
5.65
5.65
5.65
5.65
-0.98
-0.98
-0.98
-0.98
0.24
0.24
0.24
0.24
0.24
-0.59
-0.59
-0.59
-0.59
-0.59
1.22
1.22
1.22
1.22
0.20
0.20
0.20
0.20
0.20
-0.63
-0.63
-0.63
-0.63
-0.63
-0.43
-0.43
-0.43
-0.43
-0.27
-0.27
-0.27
-0.27
-0.27
-0.24
-0.24
-0.24
-0.24
-0.24
-0.24
-0.24
-0.24
-0.24
-0.39
-0.39
-0.39
-0.39
-0.39
-0.24
-0.24
-0.24
-0.24
-0.24
-0.24
-0.24
-0.24
-0.24
-0.27
-0.27
-0.27
-0.27
-0.27
-0.31
-0.31
-0.31
-0.31
-0.31
-0.24
-0.24
-0.24
-0.24
-0.24
-0.24
-0.24
-0.24
-0.24
-0.20
-0.20
-0.20
-0.20
-0.20
-0.27
-0.27
-0.27
-0.27
-0.27
-0.27
-0.27
-0.27
-0.27
-0.27
-0.27
-0.27
-0.27
-0.27
-0.24
-0.24
-0.24
-0.24
-0.24
-0.24
-0.24
-0.24
-0.24
-0.31
-0.31
-0.31
-0.31
-0.31
-0.20
-0.20
-0.20
-0.20
-0.20
-0.24
-0.24
-0.24
-0.24
-0.24
-0.24
-0.24
-0.24
-0.24
-0.31
-0.31
-0.31
-0.31
-0.31
-0.20
-0.20
-0.20
-0.20
-0.27
-0.27
-0.27
-0.27
-0.27
-0.27
-0.27
-0.27
-0.27
-0.27
-0.27
-0.27
-0.27
-0.27
-0.16
-0.16
-0.16
-0.16
-0.16
-0.24
-0.24
-0.24
-0.24
-0.24
-0.27
-0.27
-0.27
-0.27
-0.24
-0.24
-0.24
-0.24
-0.24
-0.24
-0.24
-0.24
-0.24
-0.24
-0.24
-0.24
-0.24
-0.24
-0.35
-0.35
-0.35
-0.35
-0.35
-0.24
-0.24
-0.24
-0.24
-0.24
-0.24
-0.24
-0.24
-0.24
-7.14
-7.14
-7.14
-7.14
-7.14
-0.04
-0.04
-0.04
-0.04
-0.04
3.69
3.69
3.69
3.69
0.35
0.35
0.35
0.35
0.35
0.04
0.04
0.04
0.04
0.04
-0.59
-0.59
-0.59
-0.59
-0.59
-0.59
-0.59
-0.59
-0.59
0.24
0.24
0.24
0.24
0.24
-0.16
-0.16
-0.16
-0.16
-0.16
-0.63
-0.63
-0.63
-0.63
-0.39
-0.39
-0.39
-0.39
-0.39
-0.16
-0.16
-0.16
-0.16
-0.16
-0.16
-0.16
-0.16
-0.16
-0.31
-0.31
-0.31
-0.31
-0.31
-0.39
-0.39
-0.39
-0.39
-0.39
-0.24
-0.24
-0.24
-0.24
-0.24
-0.24
-0.24
-0.24
-0.24
-0.27
-0.27
-0.27
-0.27
-0.27
-0.24
-0.24
-0.24
-0.24
-0.27
-0.27
-0.27
-0.27
-0.27
-0.20
-0.20
-0.20
-0.20
-0.20
-0.27
-0.27
-0.27
-0.27
-0.31
-0.31
-0.31
-0.31
-0.31
-0.24
-0.24
-0.24
-0.24
-0.24
-0.27
-0.27
-0.27
-0.27
-0.27
-0.27
-0.27
-0.27
-0.27
-0.20
-0.20
-0.20
-0.20
-0.20
-0.24
-0.24
-0.24
-0.24
-0.24
-0.27
-0.27
-0.27
-0.27
-0.24
-0.24
-0.24
-0.24
-0.24
-0.27
-0.27
-0.27
-0.27
-0.27
-0.24
-0.24
-0.24
-0.24
-0.24
-0.24
-0.24
-0.24
-0.24
-0.24
-0.24
-0.24
-0.24
-0.24
-0.24
-0.24
-0.24
-0.24
-0.20
-0.20
-0.20
-0.20
-0.20
-0.27
-0.27
-0.27
-0.27
-0.27
-0.20
-0.20
-0.20
-0.20
-0.20
-0.20
-0.20
-0.20
-0.20
-10.51
-10.51
-10.51
-10.51
-10.51
-1.57
-1.57
-1.57
-1.57
0.00
0.00
0.00
0.00
0.00
-2.04
-2.04
-2.04
-2.04
-2.04
-0.71
-0.71
-0.71
-0.71
1.65
1.65
1.65
1.65
1.65
0.04
0.04
0.04
0.04
0.04
-0.67
-0.67
-0.67
-0.67
-0.67
-0.55
-0.55
-0.55
-0.55
-0.24
-0.24
-0.24
-0.24
-0.24
-0.08
-0.08
-0.08
-0.08
-0.08
-0.24
-0.24
-0.24
-0.24
-0.31
-0.31
-0.31
-0.31
-0.31
-0.27
-0.27
-0.27
-0.27
-0.27
-0.20
-0.20
-0.20
-0.20
-0.20
-0.20
-0.20
-0.20
-0.20
-0.27
-0.27
-0.27
-0.27
-0.27
-0.27
-0.27
-0.27
-0.27
-0.20
-0.20
-0.20
-0.20
-0.20
-0.20
-0.20
-0.20
-0.20
-0.20
-0.20
-0.20
-0.20
-0.20
-0.27
-0.27
-0.27
-0.27
-0.27
-0.24
-0.24
-0.24
-0.24
-0.24
-0.16
-0.16
-0.16
-0.16
-0.27
-0.27
-0.27
-0.27
-0.27
-0.27
-0.27
-0.27
-0.27
-0.27
-0.27
-0.27
-0.27
-0.27
-0.24
-0.24
-0.24
-0.24
-0.24
-0.20
-0.20
-0.20
-0.20
-0.20
-0.20
-0.20
-0.20
-0.20
-0.20
-0.20
-0.20
-0.20
-0.20
-0.24
-0.24
-0.24
-0.24
-0.24
-0.27
-0.27
-0.27
-0.27
-0.27
-0.27
-0.27
-0.27
-0.27
-0.27
-0.27
-0.27
-0.27
-0.27
-0.20
-0.20
-0.20
-0.20
-0.20
-0.20
-0.20
-0.20
-0.20
-0.20
-0.20
-0.20
-0.20
-0.20
-0.16
-0.16
-0.16
-0.16
-0.16
-0.24
-0.24
-0.24
-0.24
-0.31
-0.31
-0.31
-0.31
-0.31
-0.24
-0.24
-0.24
-0.24
-0.24
-0.16
-0.16
-0.16
-0.16
-0.20
-0.20
-0.20
-0.20
-0.20
-0.24
-0.24
-0.24
-0.24
-0.24
2.20
2.20
2.20
2.20
-0.59
-0.59
-0.59
-0.59
-0.59
0.90
0.90
0.90
0.90
0.90
2.04
2.04
2.04
2.04
0.51
0.51
0.51
0.51
0.51
-1.41
-1.41
-1.41
-1.41
-1.41
-0.71
-0.71
-0.71
-0.71
0.04
0.04
0.04
0.04
0.04
0.04
0.04
0.04
0.04
0.04
-0.35
-0.35
-0.35
-0.35
-0.35
-0.55
-0.55
-0.55
-0.55
-0.20
-0.20
-0.20
-0.20
-0.20
-0.20
-0.20
-0.20
-0.20
-0.20
-0.27
-0.27
-0.27
-0.27
-0.35
-0.35
-0.35
-0.35
-0.35
-0.24
-0.24
-0.24
-0.24
-0.24
-0.16
-0.16
-0.16
-0.16
-0.20
-0.20
-0.20
-0.20
-0.20
-0.27
-0.27
-0.27
-0.27
-0.27
-0.27
-0.27
-0.27
-0.27
-0.24
-0.24
-0.24
-0.24
-0.24
-0.24
-0.24
-0.24
-0.24
-0.24
-0.24
-0.24
-0.24
-0.24
-0.20
-0.20
-0.20
-0.20
-0.20
-0.27
-0.27
-0.27
-0.27
-0.27
-0.27
-0.27
-0.27
-0.27
-0.24
-0.24
-0.24
-0.24
-0.24
-0.27
-0.27
-0.27
-0.27
-0.27
-0.20
-0.20
-0.20
-0.20
-0.27
-0.27
-0.27
-0.27
-0.27
-0.16
-0.16
-0.16
-0.16
-0.16
-0.12
-0.12
-0.12
-0.12
-0.24
-0.24
-0.24
-0.24
-0.24
-0.16
-0.16
-0.16
-0.16
-0.16
-0.24
-0.24
-0.24
-0.24
-0.24
-0.24
-0.24
-0.24
-0.24
-0.20
-0.20
-0.20
-0.20
-0.20
-0.24
-0.24
-0.24
-0.24
-0.24
-0.20
-0.20
-0.20
-0.20
-0.16
-0.16
-0.16
-0.16
-0.16
47.66
47.66
47.66
47.66
47.66
-2.08
-2.08
-2.08
-2.08
1.02
1.02
1.02
1.02
1.02
2.35
2.35
2.35
2.35
2.35
0.55
0.55
0.55
0.55
-0.16
-0.16
-0.16
-0.16
-0.16
-0.90
-0.90
-0.90
-0.90
-0.90
-0.27
-0.27
-0.27
-0.27
-0.04
-0.04
-0.04
-0.04
-0.04
-0.16
-0.16
-0.16
-0.16
-0.16
-0.39
-0.39
-0.39
-0.39
-0.39
-0.31
-0.31
-0.31
-0.31
-0.12
-0.12
-0.12
-0.12
-0.12
-0.24
-0.24
-0.24
-0.24
-0.24
-0.31
-0.31
-0.31
-0.31
-0.27
-0.27
-0.27
-0.27
-0.27
-0.20
-0.20
-0.20
-0.20
-0.20
-0.20
-0.20
-0.20
-0.20
-0.27
-0.27
-0.27
-0.27
-0.27
-0.24
-0.24
-0.24
-0.24
-0.24
-0.20
-0.20
-0.20
-0.20
-0.31
-0.31
-0.31
-0.31
-0.31
-0.20
-0.20
-0.20
-0.20
-0.20
-0.24
-0.24
-0.24
-0.24
-0.27
-0.27
-0.27
-0.27
-0.27
-0.20
-0.20
-0.20
-0.20
-0.20
-0.24
-0.24
-0.24
-0.24
-0.24
-0.24
-0.24
-0.24
-0.24
-0.31
-0.31
-0.31
-0.31
-0.31
-0.24
-0.24
-0.24
-0.24
-0.24
-0.24
-0.24
-0.24
-0.24
-0.20
-0.20
-0.20
-0.20
-0.20
-0.24
-0.24
-0.24
-0.24
-0.24
-0.24
-0.24
-0.24
-0.24
-0.24
-0.24
-0.24
-0.24
-0.24
-0.27
-0.27
-0.27
-0.27
-0.24
-0.24
-0.24
-0.24
-0.24
-0.24
-0.24
-0.24
-0.24
-0.24
-0.16
-0.16
-0.16
-0.16
-0.24
-0.24
-0.24
-0.24
-0.24
-0.27
-0.27
-0.27
-0.27
-0.27
-0.24
-0.24
-0.24
-0.24
-0.24
-0.24
-0.24
-0.24
-0.24
-0.31
-0.31
-0.31
-0.31
-0.31
-14.71
-14.71
-14.71
-14.71
-14.71
-0.12
-0.12
-0.12
-0.12
1.84
1.84
1.84
1.84
1.84
1.49
1.49
1.49
1.49
1.49
-0.35
-0.35
-0.35
-0.35
-0.20
-0.20
-0.20
-0.20
-0.20
-0.63
-0.63
-0.63
-0.63
-0.63
-0.08
-0.08
-0.08
-0.08
-0.12
-0.12
-0.12
-0.12
-0.12
-0.39
-0.39
-0.39
-0.39
-0.39
-0.35
-0.35
-0.35
-0.35
-0.20
-0.20
-0.20
-0.20
-0.20
-0.24
-0.24
-0.24
-0.24
-0.24
-0.24
-0.24
-0.24
-0.24
-0.24
-0.24
-0.24
-0.24
-0.24
-0.20
-0.20
-0.20
-0.20
-0.20
-0.20
-0.20
-0.20
-0.20
-0.27
-0.27
-0.27
-0.27
-0.27
-0.27
-0.27
-0.27
-0.27
-0.27
-0.20
-0.20
-0.20
-0.20
-0.20
-0.20
-0.20
-0.20
-0.20
-0.20
-0.20
-0.20
-0.20
-0.20
-0.20
-0.20
-0.20
-0.20
-0.20
-0.20
-0.20
-0.20
-0.20
-0.20
-0.20
-0.20
-0.20
-0.20
-0.20
-0.20
-0.20
-0.20
-0.20
-0.35
-0.35
-0.35
-0.35
-0.27
-0.27
-0.27
-0.27
-0.27
-0.24
-0.24
-0.24
-0.24
-0.24
-0.20
-0.20
-0.20
-0.20
-0.20
-0.20
-0.20
-0.20
-0.20
-0.24
-0.24
-0.24
-0.24
-0.24
-0.24
-0.24
-0.24
-0.24
-0.24
-0.24
-0.24
-0.24
-0.24
-0.24
-0.24
-0.24
-0.24
-0.24
-0.27
-0.27
-0.27
-0.27
-0.20
-0.20
-0.20
-0.20
-0.20
-0.20
-0.20
-0.20
-0.20
-0.20
-0.24
-0.24
-0.24
-0.24
-0.20
-0.20
-0.20
-0.20
-0.20
-0.27
-0.27
-0.27
-0.27
-0.27
-0.27
-0.27
-0.27
-0.27
-0.31
-0.31
-0.31
-0.31
-0.31
3.61
3.61
3.61
3.61
3.61
-2.67
-2.67
-2.67
-2.67
2.79
2.79
2.79
2.79
2.79
1.84
1.84
1.84
1.84
1.84
-0.35
-0.35
-0.35
-0.35
-0.35
-0.27
-0.27
-0.27
-0.27
-0.75
-0.75
-0.75
-0.75
-0.75
0.04
0.04
0.04
0.04
0.04
0.00
0.00
0.00
0.00
-0.27
-0.27
-0.27
-0.27
-0.27
-0.47
-0.47
-0.47
-0.47
-0.47
-0.20
-0.20
-0.20
-0.20
-0.16
-0.16
-0.16
-0.16
-0.16
-0.24
-0.24
-0.24
-0.24
-0.24
-0.31
-0.31
-0.31
-0.31
-0.24
-0.24
-0.24
-0.24
-0.24
-0.24
-0.24
-0.24
-0.24
-0.24
-0.20
-0.20
-0.20
-0.20
-0.31
-0.31
-0.31
-0.31
-0.31
-0.24
-0.24
-0.24
-0.24
-0.24
-0.27
-0.27
-0.27
-0.27
-0.24
-0.24
-0.24
-0.24
-0.24
-0.27
-0.27
-0.27
-0.27
-0.27
-0.20
-0.20
-0.20
-0.20
-0.16
-0.16
-0.16
-0.16
-0.16
-0.27
-0.27
-0.27
-0.27
-0.27
-0.20
-0.20
-0.20
-0.20
-0.20
-0.24
-0.24
-0.24
-0.24
-0.20
-0.20
-0.20
-0.20
-0.20
-0.24
-0.24
-0.24
-0.24
-0.24
-0.24
-0.24
-0.24
-0.24
-0.16
-0.16
-0.16
-0.16
-0.16
-0.27
-0.27
-0.27
-0.27
-0.27
-0.20
-0.20
-0.20
-0.20
-0.16
-0.16
-0.16
-0.16
-0.16
-0.31
-0.31
-0.31
-0.31
-0.31
-0.24
-0.24
-0.24
-0.24
-0.24
-0.24
-0.24
-0.24
-0.24
-0.24
-0.24
-0.24
-0.24
-0.24
-0.24
-0.24
-0.24
-0.24
-0.24
-0.24
-0.24
-0.24
-0.24
-0.24
-0.24
-0.24
-0.24
-0.24
-0.24
-0.24
-0.24
-0.24
-0.24
-0.24
-0.24
-0.24
-0.24
-10.32
-10.32
-10.32
-10.32
-10.32
-1.10
-1.10
-1.10
-1.10
1.29
1.29
1.29
1.29
1.29
1.77
1.77
1.77
1.77
1.77
0.51
0.51
0.51
0.51
0.51
-0.20
-0.20
-0.20
-0.20
-0.94
-0.94
-0.94
-0.94
-0.94
-0.20
-0.20
-0.20
-0.20
-0.20
0.04
0.04
0.04
0.04
-0.20
-0.20
-0.20
-0.20
-0.20
-0.43
-0.43
-0.43
-0.43
-0.43
-0.24
-0.24
-0.24
-0.24
-0.16
-0.16
-0.16
-0.16
-0.16
-0.20
-0.20
-0.20
-0.20
-0.20
-0.27
-0.27
-0.27
-0.27
-0.31
-0.31
-0.31
-0.31
-0.31
-0.16
-0.16
-0.16
-0.16
-0.16
-0.20
-0.20
-0.20
-0.20
-0.24
-0.24
-0.24
-0.24
-0.24
-0.20
-0.20
-0.20
-0.20
-0.20
-0.27
-0.27
-0.27
-0.27
-0.24
-0.24
-0.24
-0.24
-0.24
-0.31
-0.31
-0.31
-0.31
-0.31
-0.24
-0.24
-0.24
-0.24
-0.20
-0.20
-0.20
-0.20
-0.20
-0.20
-0.20
-0.20
-0.20
-0.20
-0.24
-0.24
-0.24
-0.24
-0.20
-0.20
-0.20
-0.20
-0.20
-0.20
-0.20
-0.20
-0.20
-0.20
-0.24
-0.24
-0.24
-0.24
-0.31
-0.31
-0.31
-0.31
-0.31
-0.20
-0.20
-0.20
-0.20
-0.20
-0.20
-0.20
-0.20
-0.20
-0.20
-0.20
-0.20
-0.20
-0.20
-0.24
-0.24
-0.24
-0.24
-0.24
-0.12
-0.12
-0.12
-0.12
-0.12
-0.24
-0.24
-0.24
-0.24
-0.20
-0.20
-0.20
-0.20
-0.20
-0.16
-0.16
-0.16
-0.16
-0.16
-0.20
-0.20
-0.20
-0.20
-0.20
-0.20
-0.20
-0.20
-0.20
-0.27
-0.27
-0.27
-0.27
-0.27
-0.20
-0.20
-0.20
-0.20
-0.20
-0.20
-0.20
-0.20
-0.20
-0.24
-0.24
-0.24
-0.24
-0.24
-0.16
-0.16
-0.16
-0.16
-0.27
-0.27
-0.27
-0.27
-0.27
15.89
15.89
15.89
15.89
15.89
9.10
9.10
9.10
9.10
1.53
1.53
1.53
1.53
1.53
2.24
2.24
2.24
2.24
2.24
-1.65
-1.65
-1.65
-1.65
-1.65
-0.55
-0.55
-0.55
-0.55
0.20
0.20
0.20
0.20
0.20
0.04
0.04
0.04
0.04
0.04
-0.24
-0.24
-0.24
-0.24
-0.35
-0.35
-0.35
-0.35
-0.35
-0.39
-0.39
-0.39
-0.39
-0.39
-0.08
-0.08
-0.08
-0.08
-0.16
-0.16
-0.16
-0.16
-0.16
-0.31
-0.31
-0.31
-0.31
-0.31
-0.27
-0.27
-0.27
-0.27
-0.20
-0.20
-0.20
-0.20
-0.20
-0.24
-0.24
-0.24
-0.24
-0.24
-0.27
-0.27
-0.27
-0.27
-0.24
-0.24
-0.24
-0.24
-0.24
-0.20
-0.20
-0.20
-0.20
-0.20
-0.20
-0.20
-0.20
-0.20
-0.24
-0.24
-0.24
-0.24
-0.24
-0.24
-0.24
-0.24
-0.24
-0.24
-0.20
-0.20
-0.20
-0.20
-0.24
-0.24
-0.24
-0.24
-0.24
-0.24
-0.24
-0.24
-0.24
-0.24
-0.27
-0.27
-0.27
-0.27
-0.27
-0.27
-0.27
-0.27
-0.27
-0.24
-0.24
-0.24
-0.24
-0.24
-0.24
-0.24
-0.24
-0.24
-0.24
-0.20
-0.20
-0.20
-0.20
-0.20
-0.20
-0.20
-0.20
-0.20
-0.20
-0.20
-0.20
-0.20
-0.20
-0.16
-0.16
-0.16
-0.16
-0.24
-0.24
-0.24
-0.24
-0.24
-0.27
-0.27
-0.27
-0.27
-0.27
-0.24
-0.24
-0.24
-0.24
-0.24
-0.24
-0.24
-0.24
-0.24
-0.20
-0.20
-0.20
-0.20
-0.20
-0.24
-0.24
-0.24
-0.24
-0.20
-0.20
-0.20
-0.20
-0.20
-0.24
-0.24
-0.24
-0.24
-0.24
-0.27
-0.27
-0.27
-0.27
-0.20
-0.20
-0.20
-0.20
-0.20
-0.20
-0.20
-0.20
-0.20
-0.20
-0.24
-0.24
-0.24
-0.24
-0.20
-0.20
-0.20
-0.20
-0.20
-0.20
-0.20
-0.20
-0.20
-0.20
-0.20
-0.20
-0.20
-0.20
31.26
31.26
31.26
31.26
31.26
-2.00
-2.00
-2.00
-2.00
-2.00
-0.16
-0.16
-0.16
-0.16
1.26
1.26
1.26
1.26
1.26
0.59
0.59
0.59
0.59
0.59
-0.39
-0.39
-0.39
-0.39
-0.39
-0.71
-0.71
-0.71
-0.71
-0.20
-0.20
-0.20
-0.20
-0.20
0.12
0.12
0.12
0.12
0.12
-0.24
-0.24
-0.24
-0.24
-0.39
-0.39
-0.39
-0.39
-0.39
-0.27
-0.27
-0.27
-0.27
-0.27
-0.12
-0.12
-0.12
-0.12
-0.20
-0.20
-0.20
-0.20
-0.20
-0.27
-0.27
-0.27
-0.27
-0.27
-0.16
-0.16
-0.16
-0.16
-0.12
-0.12
-0.12
-0.12
-0.12
-0.24
-0.24
-0.24
-0.24
-0.24
-0.27
-0.27
-0.27
-0.27
-0.24
-0.24
-0.24
-0.24
-0.24
-0.24
-0.24
-0.24
-0.24
-0.24
-0.20
-0.20
-0.20
-0.20
-0.20
-0.20
-0.20
-0.20
-0.20
-0.20
-0.20
-0.20
-0.20
-0.20
-0.24
-0.24
-0.24
-0.24
-0.20
-0.20
-0.20
-0.20
-0.20
-0.20
-0.20
-0.20
-0.20
-0.20
-0.20
-0.20
-0.20
-0.20
-0.20
-0.20
-0.20
-0.20
-0.20
-0.16
-0.16
-0.16
-0.16
-0.16
-0.20
-0.20
-0.20
-0.20
-0.20
-0.24
-0.24
-0.24
-0.24
-0.16
-0.16
-0.16
-0.16
-0.16
-0.16
-0.16
-0.16
-0.16
-0.16
-0.24
-0.24
-0.24
-0.24
-0.24
-0.24
-0.24
-0.24
-0.24
-0.24
-0.24
-0.24
-0.24
-0.24
-0.20
-0.20
-0.20
-0.20
-0.20
-0.20
-0.20
-0.20
-0.20
-0.24
-0.24
-0.24
-0.24
-0.24
-0.16
-0.16
-0.16
-0.16
-0.16
-0.16
-0.16
-0.16
-0.16
-0.24
-0.24
-0.24
-0.24
-0.24
-0.16
-0.16
-0.16
-0.16
-0.20
-0.20
-0.20
-0.20
-0.20
-0.27
-0.27
-0.27
-0.27
-0.27
0.51
0.51
0.51
0.51
6.98
6.98
6.98
6.98
6.98
2.51
2.51
2.51
2.51
2.51
-0.59
-0.59
-0.59
-0.59
-0.59
-0.90
-0.90
-0.90
-0.90
0.00
0.00
0.00
0.00
0.00
-0.04
-0.04
-0.04
-0.04
-0.04
0.20
0.20
0.20
0.20
-0.43
-0.43
-0.43
-0.43
-0.43
-0.55
-0.55
-0.55
-0.55
-0.55
-0.16
-0.16
-0.16
-0.16
-0.12
-0.12
-0.12
-0.12
-0.12
-0.24
-0.24
-0.24
-0.24
-0.24
-0.31
-0.31
-0.31
-0.31
-0.27
-0.27
-0.27
-0.27
-0.27
-0.20
-0.20
-0.20
-0.20
-0.20
-0.16
-0.16
-0.16
-0.16
-0.24
-0.24
-0.24
-0.24
-0.24
-0.24
-0.24
-0.24
-0.24
-0.24
-0.20
-0.20
-0.20
-0.20
-0.20
-0.20
-0.20
-0.20
-0.20
-0.16
-0.16
-0.16
-0.16
-0.16
-0.24
-0.24
-0.24
-0.24
-0.24
-0.24
-0.24
-0.24
-0.24
-0.20
-0.20
-0.20
-0.20
-0.20
-0.24
-0.24
-0.24
-0.24
-0.24
-0.27
-0.27
-0.27
-0.27
-0.20
-0.20
-0.20
-0.20
-0.20
-0.20
-0.20
-0.20
-0.20
-0.20
-0.16
-0.16
-0.16
-0.16
-0.27
-0.27
-0.27
-0.27
-0.27
-0.24
-0.24
-0.24
-0.24
-0.24
-0.24
-0.24
-0.24
-0.24
-0.24
-0.24
-0.24
-0.24
-0.24
-0.24
-0.24
-0.24
-0.24
-0.24
-0.20
-0.20
-0.20
-0.20
-0.16
-0.16
-0.16
-0.16
-0.16
-0.27
-0.27
-0.27
-0.27
-0.27
-0.12
-0.12
-0.12
-0.12
-0.20
-0.20
-0.20
-0.20
-0.20
-0.20
-0.20
-0.20
-0.20
-0.20
-0.27
-0.27
-0.27
-0.27
-0.20
-0.20
-0.20
-0.20
-0.20
-0.20
-0.20
-0.20
-0.20
-0.20
-0.20
-0.20
-0.20
-0.20
-0.24
-0.24
-0.24
-0.24
-0.24
-0.24
-0.24
-0.24
-0.24
-0.24
13.18
13.18
13.18
13.18
-5.18
-5.18
-5.18
-5.18
-5.18
-1.06
-1.06
-1.06
-1.06
-1.06
-0.67
-0.67
-0.67
-0.67
0.78
0.78
0.78
0.78
0.78
0.59
0.59
0.59
0.59
0.59
-0.55
-0.55
-0.55
-0.55
-0.55
-0.59
-0.59
-0.59
-0.59
-0.04
-0.04
-0.04
-0.04
-0.04
-0.16
-0.16
-0.16
-0.16
-0.16
-0.27
-0.27
-0.27
-0.27
-0.27
-0.27
-0.27
-0.27
-0.27
-0.27
-0.27
-0.27
-0.27
-0.27
-0.16
-0.16
-0.16
-0.16
-0.20
-0.20
-0.20
-0.20
-0.20
-0.27
-0.27
-0.27
-0.27
-0.27
-0.24
-0.24
-0.24
-0.24
-0.24
-0.24
-0.24
-0.24
-0.24
-0.20
-0.20
-0.20
-0.20
-0.20
-0.20
-0.20
-0.20
-0.20
-0.20
-0.20
-0.20
-0.20
-0.20
-0.16
-0.16
-0.16
-0.16
-0.16
-0.20
-0.20
-0.20
-0.20
-0.24
-0.24
-0.24
-0.24
-0.24
-0.16
-0.16
-0.16
-0.16
-0.16
-0.20
-0.20
-0.20
-0.20
-0.16
-0.16
-0.16
-0.16
-0.16
-0.20
-0.20
-0.20
-0.20
-0.20
-0.27
-0.27
-0.27
-0.27
-0.20
-0.20
-0.20
-0.20
-0.20
-0.16
-0.16
-0.16
-0.16
-0.16
-0.20
-0.20
-0.20
-0.20
-0.27
-0.27
-0.27
-0.27
-0.27
-0.20
-0.20
-0.20
-0.20
-0.20
-0.20
-0.20
-0.20
-0.20
-0.20
-0.20
-0.20
-0.20
-0.20
-0.20
-0.20
-0.20
-0.20
-0.20
-0.24
-0.24
-0.24
-0.24
-0.24
-0.16
-0.16
-0.16
-0.16
-0.20
-0.20
-0.20
-0.20
-0.20
-0.20
-0.20
-0.20
-0.20
-0.20
-0.24
-0.24
-0.24
-0.24
-0.24
-0.24
-0.24
-0.24
-0.24
-0.12
-0.12
-0.12
-0.12
-0.12
-0.20
-0.20
-0.20
-0.20
-0.20
-0.20
-0.20
-0.20
-0.20
16.04
16.04
16.04
16.04
16.04
2.43
2.43
2.43
2.43
0.12
0.12
0.12
0.12
0.12
1.53
1.53
1.53
1.53
1.53
-0.47
-0.47
-0.47
-0.47
-0.47
-0.39
-0.39
-0.39
-0.39
-0.12
-0.12
-0.12
-0.12
-0.12
-0.12
-0.12
-0.12
-0.12
-0.12
-0.16
-0.16
-0.16
-0.16
-0.31
-0.31
-0.31
-0.31
-0.31
-0.35
-0.35
-0.35
-0.35
-0.35
-0.24
-0.24
-0.24
-0.24
-0.20
-0.20
-0.20
-0.20
-0.20
-0.31
-0.31
-0.31
-0.31
-0.31
-0.20
-0.20
-0.20
-0.20
-0.20
-0.20
-0.20
-0.20
-0.20
-0.16
-0.16
-0.16
-0.16
-0.16
-0.20
-0.20
-0.20
-0.20
-0.24
-0.24
-0.24
-0.24
-0.24
-0.12
-0.12
-0.12
-0.12
-0.12
-0.27
-0.27
-0.27
-0.27
-0.16
-0.16
-0.16
-0.16
-0.16
-0.16
-0.16
-0.16
-0.16
-0.16
-0.12
-0.12
-0.12
-0.12
-0.20
-0.20
-0.20
-0.20
-0.20
-0.20
-0.20
-0.20
-0.20
-0.20
-0.20
-0.20
-0.20
-0.20
-0.24
-0.24
-0.24
-0.24
-0.24
-0.16
-0.16
-0.16
-0.16
-0.16
-0.20
-0.20
-0.20
-0.20
-0.16
-0.16
-0.16
-0.16
-0.16
-0.20
-0.20
-0.20
-0.20
-0.20
-0.24
-0.24
-0.24
-0.24
-0.24
-0.24
-0.24
-0.24
-0.24
-0.20
-0.20
-0.20
-0.20
-0.20
-0.20
-0.20
-0.20
-0.20
-0.24
-0.24
-0.24
-0.24
-0.24
-0.20
-0.20
-0.20
-0.20
-0.20
-0.20
-0.20
-0.20
-0.20
-0.20
-0.20
-0.20
-0.20
-0.20
-0.20
-0.20
-0.20
-0.20
-0.20
-0.24
-0.24
-0.24
-0.24
-0.24
-0.16
-0.16
-0.16
-0.16
-0.24
-0.24
-0.24
-0.24
-0.24
-0.16
-0.16
-0.16
-0.16
-0.16
-8.32
-8.32
-8.32
-8.32
-4.75
-4.75
-4.75
-4.75
-4.75
3.10
3.10
3.10
3.10
3.10
0.71
0.71
0.71
0.71
0.31
0.31
0.31
0.31
0.31
-0.63
-0.63
-0.63
-0.63
-0.63
-0.75
-0.75
-0.75
-0.75
0.12
0.12
0.12
0.12
0.12
-0.04
-0.04
-0.04
-0.04
-0.04
-0.47
-0.47
-0.47
-0.47
-0.47
-0.35
-0.35
-0.35
-0.35
-0.20
-0.20
-0.20
-0.20
-0.20
-0.12
-0.12
-0.12
-0.12
-0.12
-0.27
-0.27
-0.27
-0.27
-0.20
-0.20
-0.20
-0.20
-0.20
-0.12
-0.12
-0.12
-0.12
-0.12
-0.20
-0.20
-0.20
-0.20
-0.20
-0.20
-0.20
-0.20
-0.20
-0.24
-0.24
-0.24
-0.24
-0.24
-0.16
-0.16
-0.16
-0.16
-0.16
-0.16
-0.16
-0.16
-0.16
-0.20
-0.20
-0.20
-0.20
-0.20
-0.20
-0.20
-0.20
-0.20
-0.24
-0.24
-0.24
-0.24
-0.24
-0.16
-0.16
-0.16
-0.16
-0.16
-0.24
-0.24
-0.24
-0.24
-0.20
-0.20
-0.20
-0.20
-0.20
-0.20
-0.20
-0.20
-0.20
-0.20
-0.24
-0.24
-0.24
-0.24
-0.24
-0.24
-0.24
-0.24
-0.24
-0.20
-0.20
-0.20
-0.20
-0.20
-0.24
-0.24
-0.24
-0.24
-0.16
-0.16
-0.16
-0.16
-0.16
-0.20
-0.20
-0.20
-0.20
-0.20
-0.20
-0.20
-0.20
-0.20
-0.20
-0.20
-0.20
-0.20
-0.20
-0.24
-0.24
-0.24
-0.24
-0.24
-0.20
-0.20
-0.20
-0.20
-0.16
-0.16
-0.16
-0.16
-0.16
-0.20
-0.20
-0.20
-0.20
-0.20
-0.20
-0.20
-0.20
-0.20
-0.24
-0.24
-0.24
-0.24
-0.24
-0.24
-0.24
-0.24
-0.24
-0.24
-0.12
-0.12
-0.12
-0.12
-0.12
-0.20
-0.20
-0.20
-0.20
15.49
15.49
15.49
15.49
15.49
-2.67
-2.67
-2.67
-2.67
-2.67
0.00
0.00
0.00
0.00
-1.26
-1.26
-1.26
-1.26
-1.26
-0.12
-0.12
-0.12
-0.12
-0.12
0.86
0.86
0.86
0.86
-0.16
-0.16
-0.16
-0.16
-0.16
-0.51
-0.51
-0.51
-0.51
-0.51
-0.27
-0.27
-0.27
-0.27
-0.24
-0.24
-0.24
-0.24
-0.24
-0.12
-0.12
-0.12
-0.12
-0.12
-0.24
-0.24
-0.24
-0.24
-0.31
-0.31
-0.31
-0.31
-0.31
-0.20
-0.20
-0.20
-0.20
-0.20
-0.12
-0.12
-0.12
-0.12
-0.20
-0.20
-0.20
-0.20
-0.20
-0.24
-0.24
-0.24
-0.24
-0.24
-0.27
-0.27
-0.27
-0.27
-0.16
-0.16
-0.16
-0.16
-0.16
-0.20
-0.20
-0.20
-0.20
-0.20
-0.16
-0.16
-0.16
-0.16
-0.16
-0.20
-0.20
-0.20
-0.20
-0.16
-0.16
-0.16
-0.16
-0.16
-0.24
-0.24
-0.24
-0.24
-0.24
-0.20
-0.20
-0.20
-0.20
-0.20
-0.20
-0.20
-0.20
-0.20
-0.16
-0.16
-0.16
-0.16
-0.16
-0.24
-0.24
-0.24
-0.24
-0.20
-0.20
-0.20
-0.20
-0.20
-0.20
-0.20
-0.20
-0.20
-0.20
-0.24
-0.24
-0.24
-0.24
-0.27
-0.27
-0.27
-0.27
-0.27
-0.24
-0.24
-0.24
-0.24
-0.24
-0.20
-0.20
-0.20
-0.20
-0.24
-0.24
-0.24
-0.24
-0.24
-0.24
-0.24
-0.24
-0.24
-0.24
-0.24
-0.24
-0.24
-0.24
-0.20
-0.20
-0.20
-0.20
-0.20
-0.27
-0.27
-0.27
-0.27
-0.27
-0.24
-0.24
-0.24
-0.24
-0.27
-0.27
-0.27
-0.27
-0.27
-0.16
-0.16
-0.16
-0.16
-0.16
-0.16
-0.16
-0.16
-0.16
-0.24
-0.24
-0.24
-0.24
-0.24
-0.16
-0.16
-0.16
-0.16
-0.16
-0.16
-0.16
-0.16
-0.16
-8.28
-8.28
-8.28
-8.28
-8.28
-1.77
-1.77
-1.77
-1.77
-1.77
-0.86
-0.86
-0.86
-0.86
1.45
1.45
1.45
1.45
1.45
0.78
0.78
0.78
0.78
0.78
-0.86
-0.86
-0.86
-0.86
-0.86
-0.55
-0.55
-0.55
-0.55
-0.20
-0.20
-0.20
-0.20
-0.20
-0.08
-0.08
-0.08
-0.08
-0.08
-0.20
-0.20
-0.20
-0.20
-0.39
-0.39
-0.39
-0.39
-0.39
-0.27
-0.27
-0.27
-0.27
-0.27
-0.20
-0.20
-0.20
-0.20
-0.24
-0.24
-0.24
-0.24
-0.24
-0.27
-0.27
-0.27
-0.27
-0.27
-0.16
-0.16
-0.16
-0.16
-0.16
-0.16
-0.16
-0.16
-0.16
-0.12
-0.12
-0.12
-0.12
-0.12
-0.20
-0.20
-0.20
-0.20
-0.16
-0.16
-0.16
-0.16
-0.16
-0.16
-0.16
-0.16
-0.16
-0.16
-0.24
-0.24
-0.24
Terminé
